time, flux, empty
3264.143681039, 0.998975397,
3264.164116451, 0.998660941,
3264.184552064, 0.998310827,
3264.204987576, 0.998906053,
3264.225422989, 0.999360238,
3264.245858603, 0.999351824,
3264.266294116, 0.998572155,
3264.286729630, 0.998383478,
3264.307165144, 0.998501306,
3264.327600659, 0.998539273,
3264.348036173, 0.998417957,
3264.388907203, 0.998399185,
3264.409342719, 0.998342086,
3264.429778234, 0.998403555,
3264.450213750, 0.998578203,
3264.552391334, 0.998435983,
3264.572826851, 0.998393840,
3264.593262469, 0.998362939,
3264.613697887, 0.998466891,
3264.634133505, 0.998335216,
3264.654569024, 0.998335625,
3264.675004443, 0.998349214,
3264.695440062, 0.998449652,
3264.715875581, 0.998452036,
3264.736311000, 0.998533510,
3264.756746620, 0.998502483,
3264.777182140, 0.998483506,
3264.797617561, 0.998484318,
3264.818053181, 0.998532080,
3264.838488702, 0.998581026,
3264.879359744, 0.998609029,
3264.899795266, 0.998670211,
3264.920230888, 0.998717380,
3264.940666410, 0.998728633,
3264.981537455, 0.998710521,
3265.001972977, 0.998710386,
3265.022408401, 0.998629513,
3265.042844024, 0.998574598,
3265.063279447, 0.998609298,
3265.083714971, 0.998821594,
3265.124586020, 0.998872415,
3265.145021644, 0.998828543,
3265.165457169, 0.998861105,
3265.185892594, 0.998824330,
3265.206328219, 0.998895885,
3265.226763745, 0.998926371,
3265.247199171, 0.999107249,
3265.267634797, 0.999065817,
3265.288070323, 0.999087525,
3265.308505750, 0.999018683,
3265.328941377, 0.999067843,
3265.369812531, 0.999298889,
3265.451554543, 0.999420866,
3265.471990072, 0.999422318,
3265.492425700, 0.999523721,
3265.512861230, 0.999535594,
3265.533296659, 0.999683759,
3265.553732288, 0.999709745,
3265.574167818, 0.999635054,
3265.615038879, 0.999714788,
3265.635474409, 0.999872127,
3265.655909940, 0.999825526,
3265.676345471, 0.999870007,
3265.696781002, 0.999856700,
3265.717216634, 0.999892302,
3265.758087598, 1.000015794,
3265.778523130, 1.000043810,
3265.798958662, 1.000231518,
3265.819394295, 1.000181898,
3265.860265261, 1.000870401,
3265.880700895, 1.000916061,
3265.901136329, 1.000569662,
3265.921571862, 1.000274220,
3265.942007497, 1.000343355,
3265.962442931, 1.000462699,
3265.982878466, 1.000483397,
3266.003314101, 1.000507173,
3266.023749636, 1.000517417,
3266.044185171, 1.000532723,
3266.064620707, 1.000560805,
3266.085056243, 1.000552419,
3266.105491779, 1.000554943,
3266.125927316, 1.000679797,
3266.146362852, 1.000684089,
3266.166798489, 1.000732561,
3266.187233926, 1.000706163,
3266.207669463, 1.000718840,
3266.228105101, 1.000731769,
3266.248540539, 1.000789087,
3266.268976177, 1.000882887,
3266.289411715, 1.000886655,
3266.309847154, 1.000656826,
3266.371153771, 1.000880497,
3266.391589410, 1.000764962,
3266.412024950, 1.000750256,
3266.432460390, 1.000816653,
3266.452896030, 1.000775123,
3266.473331470, 1.000751953,
3266.493767111, 1.000745105,
3266.514202652, 1.000707643,
3266.534638193, 1.000736733,
3266.555073734, 1.000777367,
3266.595944818, 1.000638099,
3266.616380360, 1.000973994,
3266.636815902, 1.000714379,
3266.657251445, 1.000491311,
3266.677686987, 1.000721916,
3266.698122530, 1.000841581,
3266.718558174, 1.000624965,
3266.738993717, 1.000684808,
3266.759429161, 1.000795056,
3266.779864805, 1.000748411,
3266.800300349, 1.000748845,
3266.820735793, 1.000727603,
3266.841171438, 1.000716565,
3266.861606983, 1.000636365,
3266.882042628, 1.000776630,
3266.902478073, 1.000722428,
3266.922913619, 1.000734735,
3266.943349265, 1.000716344,
3266.963784711, 1.000895310,
3266.984220257, 1.000863480,
3267.004655903, 1.000823115,
3267.025091350, 1.000840843,
3267.045526897, 1.000887805,
3267.086397992, 1.000784164,
3267.106833639, 1.000765506,
3267.127269187, 1.000777734,
3267.147704635, 1.000904402,
3267.168140284, 1.000915613,
3267.188575832, 1.000873556,
3267.209011281, 1.000932555,
3267.229446930, 1.000901964,
3267.249882479, 1.000937519,
3267.270317929, 1.000911370,
3267.290753578, 1.000893209,
3267.331624778, 1.000699059,
3267.352060229, 1.000459922,
3267.372495779, 1.000734614,
3267.392931430, 1.000955462,
3267.413366881, 1.000894642,
3267.433802432, 1.000926207,
3267.454238084, 1.000933796,
3267.474673536, 1.000978991,
3267.495109088, 1.000977653,
3267.515544740, 1.000952814,
3267.535980192, 1.000944239,
3267.556415845, 1.001034118,
3267.576851397, 1.000989079,
3267.597286851, 1.000966743,
3267.617722504, 1.001062840,
3267.638158057, 1.001115017,
3267.658593611, 1.001042645,
3267.679029165, 1.001029194,
3267.699464719, 1.001089464,
3267.719900274, 1.001133681,
3267.740335828, 1.001192210,
3267.760771383, 1.001167957,
3267.781207038, 1.000995096,
3267.822078049, 1.001136695,
3267.842513605, 1.001172790,
3267.862949161, 1.001166450,
3267.883384717, 1.001126591,
3267.903820373, 1.001200048,
3267.924255830, 1.001292953,
3267.944691386, 1.001229485,
3267.965127044, 1.001288937,
3267.985562501, 1.001315232,
3268.005998158, 1.001419956,
3268.026433716, 1.001372864,
3268.067304832, 1.001348820,
3268.087740390, 1.001425132,
3268.108175849, 1.001413703,
3268.128611508, 1.001412378,
3268.149047067, 1.001386877,
3268.169482726, 1.001486218,
3268.189918185, 1.001359980,
3268.230789405, 1.001511144,
3268.251224865, 1.001570027,
3268.271660425, 1.001554049,
3268.312531547, 1.001534864,
3268.332967107, 1.001570619,
3268.353402769, 1.001489248,
3268.373838330, 1.001505410,
3268.394273892, 1.001636245,
3268.414709453, 1.001676045,
3268.435145015, 1.001747316,
3268.455580578, 1.001660845,
3268.476016140, 1.001625000,
3268.496451703, 1.001703804,
3268.516887266, 1.001702091,
3268.557758292, 1.001694304,
3268.578193956, 1.001699560,
3268.598629519, 1.001710871,
3268.619065183, 1.001727920,
3268.639500647, 1.001731449,
3268.659936212, 1.001714470,
3268.680371876, 1.001795839,
3268.700807341, 1.001830362,
3268.721242906, 1.001802691,
3268.741678571, 1.001816273,
3268.762114037, 1.001808300,
3268.802985268, 1.002145562,
3268.823420734, 1.001914443,
3268.843856400, 1.001795118,
3268.864291967, 1.001718591,
3268.884727533, 1.001579338,
3268.905163100, 1.001395704,
3268.925598667, 1.000981169,
3268.946034235, 1.000768634,
3268.966469802, 1.001140519,
3268.986905370, 1.001522898,
3269.007340938, 1.001543608,
3269.027776606, 1.001523643,
3269.048212074, 1.001558280,
3269.068647743, 1.001582951,
3269.089083311, 1.001494599,
3269.109518780, 1.001464578,
3269.129954450, 1.001429295,
3269.150390019, 1.001494499,
3269.170825488, 1.001454692,
3269.191261158, 1.001408439,
3269.211696628, 1.001327437,
3269.232132198, 1.001353432,
3269.252567869, 1.001375443,
3269.293439010, 1.001137408,
3269.313874581, 1.001194617,
3269.334310052, 1.001162187,
3269.354745724, 1.001066863,
3269.375181295, 1.001029946,
3269.395616867, 1.000976170,
3269.416052439, 1.000928629,
3269.436488011, 1.000936092,
3269.456923584, 1.000897704,
3269.477359156, 1.000894519,
3269.497794729, 1.000854995,
3269.518230402, 1.000895535,
3269.538665975, 1.000795405,
3269.559101449, 1.000810989,
3269.579537122, 1.000791814,
3269.599972696, 1.000778849,
3269.620408170, 1.000661043,
3269.640843844, 1.000725356,
3269.661279419, 1.000563333,
3269.681714894, 1.000393363,
3269.702150568, 1.000673935,
3269.722586143, 1.001166895,
3269.743021819, 0.999818415,
3269.783892870, 1.000422192,
3269.804328545, 1.000404894,
3269.824764021, 1.000429713,
3269.845199598, 1.000378949,
3269.865635174, 1.000391897,
3269.886070751, 1.000399105,
3269.906506427, 1.000286389,
3269.926941904, 1.000348091,
3269.947377482, 1.000236812,
3269.967813159, 1.000219894,
3269.988248637, 1.000265684,
3270.029119892, 1.000263023,
3270.049555470, 1.000096687,
3270.069990949, 1.000070356,
3270.090426627, 1.000305915,
3270.110862206, 0.999715618,
3270.131297785, 0.999871119,
3270.151733364, 1.000249071,
3270.172168943, 1.000057765,
3270.192604623, 1.000086915,
3270.213040103, 1.000166151,
3270.233475683, 1.000129677,
3270.294782424, 0.999921024,
3270.315218104, 0.999901641,
3270.335653585, 0.999973273,
3270.356089266, 1.000002803,
3270.376524847, 0.999999838,
3270.396960329, 0.999978757,
3270.417396010, 0.999941755,
3270.437831592, 0.999863233,
3270.458267074, 0.999889083,
3270.478702757, 0.999971140,
3270.499138339, 0.999987627,
3270.519573922, 0.999964207,
3270.540009504, 0.999917539,
3270.560445087, 0.999965734,
3270.580880670, 0.999892112,
3270.621751837, 0.999892654,
3270.642187421, 0.999885707,
3270.662623005, 0.999865139,
3270.683058589, 0.999885112,
3270.703494173, 0.999833544,
3270.723929758, 0.999749073,
3270.764801027, 0.999918205,
3270.785236512, 0.999934745,
3270.805672198, 0.999898800,
3270.826107783, 0.999878613,
3270.846543269, 0.999886811,
3270.866978954, 0.999941736,
3270.887414540, 0.999914096,
3270.928285713, 0.999921995,
3270.948721299, 0.999907672,
3270.969156786, 0.999933997,
3271.010028060, 0.999909107,
3271.030463747, 1.000089514,
3271.050899235, 0.999966905,
3271.071334822, 1.000015857,
3271.091770510, 1.000030562,
3271.112205998, 1.000179332,
3271.132641586, 1.000192489,
3271.153077274, 1.000043433,
3271.173512763, 1.000112759,
3271.193948352, 1.000162803,
3271.214384041, 1.000173515,
3271.255255219, 1.000055989,
3271.275690808, 1.000101775,
3271.296126298, 1.000199190,
3271.316561988, 1.000066673,
3271.336997578, 0.999660449,
3271.357433068, 1.000114772,
3271.377868758, 1.000327068,
3271.398304349, 1.000224593,
3271.418739839, 1.000253305,
3271.439175530, 1.000312779,
3271.459611121, 1.000332178,
3271.480046813, 1.000344819,
3271.500482304, 1.000307501,
3271.520917896, 1.000364064,
3271.541353587, 1.000336972,
3271.561789079, 1.000363506,
3271.582224671, 1.000319889,
3271.602660364, 1.000365525,
3271.623095856, 1.000365659,
3271.643531449, 1.000343593,
3271.663967142, 1.000360678,
3271.684402735, 1.000391723,
3271.704838328, 1.000163319,
3271.745709515, 1.000326946,
3271.766145108, 1.000411448,
3271.786580702, 1.000341930,
3271.807016296, 1.000348932,
3271.827451991, 1.000333896,
3271.847887485, 1.000302239,
3271.868323080, 1.000255857,
3271.888758774, 1.000262890,
3271.909194269, 1.000314764,
3271.929629964, 1.000122701,
3271.950065460, 1.000160468,
3271.990936751, 1.000143031,
3272.011372246, 1.000189783,
3272.031807842, 1.000114034,
3272.052243538, 1.000122420,
3272.072679035, 1.000058907,
3272.093114631, 1.000046927,
3272.113550328, 0.999987514,
3272.133985825, 0.999931924,
3272.154421522, 1.000025846,
3272.174857119, 0.999814648,
3272.195292616, 1.000152283,
3272.236163911, 0.999766413,
3272.256599509, 0.999803733,
3272.277035107, 0.999857665,
3272.297470705, 0.999773057,
3272.317906304, 0.999382657,
3272.338341902, 0.999597753,
3272.358777501, 0.999755723,
3272.379213200, 0.999546413,
3272.399648799, 0.999413710,
3272.420084298, 0.999520905,
3272.440519997, 0.999444363,
3272.460955597, 0.999562411,
3272.481391096, 0.999400135,
3272.501826796, 0.999328924,
3272.522262396, 0.999339356,
3272.542697896, 0.999326412,
3272.563133597, 0.999312097,
3272.583569197, 0.999222104,
3272.604004798, 0.999208528,
3272.624440399, 0.999158325,
3272.644876000, 0.999079533,
3272.665311601, 0.999061893,
3272.685747202, 0.999176374,
3272.726618405, 0.999075107,
3272.747054007, 0.998875266,
3272.767489609, 0.998792025,
3272.787925211, 0.998991423,
3272.808360814, 0.999030730,
3272.828796516, 0.998737417,
3272.849232019, 0.998956042,
3272.869667621, 0.998761487,
3272.890103324, 0.998709745,
3272.910538927, 0.998572425,
3272.930974431, 0.998560039,
3272.951410134, 0.998604273,
3272.971845738, 0.998618735,
3272.992281242, 0.998453628,
3273.012716945, 0.998409895,
3273.033152550, 0.998379197,
3273.053588254, 0.998365234,
3273.074023758, 0.998298806,
3273.094459363, 0.998293444,
3273.114895067, 0.998221090,
3273.135330572, 0.998256457,
3273.155766177, 0.998147607,
3273.176201882, 0.998194528,
3273.217072993, 0.998231236,
3273.237508699, 0.998148650,
3273.257944205, 0.998120876,
3273.278379911, 0.998193613,
3273.298815517, 0.998143314,
3273.319251023, 0.997998111,
3273.339686730, 0.998053863,
3273.360122236, 0.998046850,
3273.380557843, 0.997998030,
3273.400993550, 0.998057477,
3273.421429057, 0.997927615,
3273.462300372, 0.998043950,
3273.482735979, 0.998047758,
3273.503171587, 0.998048864,
3273.523607195, 0.997982293,
3273.544042803, 0.997995229,
3273.564478511, 0.997951795,
3273.584914019, 0.997916132,
3273.605349628, 0.998016657,
3273.625785336, 0.997975137,
3273.646220845, 0.998029515,
3273.666656454, 0.997982970,
3273.707527672, 0.998093597,
3273.727963381, 0.998041993,
3273.748398991, 0.998114250,
3273.768834501, 0.998144589,
3273.789270210, 0.998087554,
3273.809705820, 0.998169779,
3273.830141331, 0.998061855,
3273.850577041, 0.998200880,
3273.871012651, 0.998029506,
3273.891448262, 0.998102789,
3273.911883872, 0.998160081,
3273.952755194, 0.998127184,
3273.973190706, 0.998217581,
3273.993626317, 0.998219438,
3274.014061928, 0.998275403,
3274.034497540, 0.998201109,
3274.054933152, 0.998415736,
3274.075368864, 0.998388594,
3274.095804376, 0.998364206,
3274.116239988, 0.998342136,
3274.136675700, 0.998450156,
3274.157111213, 0.998388379,
3274.218418051, 0.998547874,
3274.238853764, 0.998547280,
3274.259289377, 0.998649091,
3274.279724891, 0.998685602,
3274.300160604, 0.998669288,
3274.320596218, 0.998682177,
3274.341031732, 0.998759444,
3274.361467446, 0.998738156,
3274.381903060, 0.998837232,
3274.402338774, 0.998765340,
3274.443209903, 0.999016747,
3274.463645617, 0.999379895,
3274.484081132, 0.999252475,
3274.504516747, 0.999335211,
3274.524952462, 0.999186922,
3274.545388077, 0.999196272,
3274.565823593, 0.999225591,
3274.586259308, 0.999347856,
3274.606694924, 0.999399951,
3274.627130540, 0.999375601,
3274.647566156, 0.999435267,
3274.668001772, 0.999465455,
3274.688437388, 0.999455227,
3274.708873004, 0.999532477,
3274.729308521, 0.999567990,
3274.749744237, 0.999619827,
3274.770179854, 0.999658203,
3274.790615371, 0.999702858,
3274.811051088, 0.999686855,
3274.831486705, 0.999731321,
3274.851922423, 0.999797509,
3274.872357940, 0.999795768,
3274.892793558, 0.999823173,
3274.933664793, 0.999938485,
3274.954100411, 1.000017623,
3274.974536130, 0.999996007,
3274.994971648, 1.000045085,
3275.015407266, 1.000037987,
3275.035842985, 1.000087874,
3275.056278503, 1.000086162,
3275.076714122, 1.000086454,
3275.097149841, 1.000111399,
3275.117585460, 1.000108218,
3275.138021080, 1.000160506,
3275.178892318, 1.000391027,
3275.199327938, 1.000366960,
3275.219763558, 1.000432960,
3275.240199178, 1.000504924,
3275.260634898, 1.000547442,
3275.281070418, 1.000507187,
3275.301506038, 1.000496470,
3275.321941759, 1.000553014,
3275.342377279, 1.000586298,
3275.362813000, 1.000565445,
3275.383248521, 1.000705991,
3275.403684142, 1.000664100,
3275.424119863, 1.000731052,
3275.444555384, 1.000683427,
3275.464991005, 1.000710137,
3275.485426727, 1.000723103,
3275.505862248, 1.000831785,
3275.526297870, 1.000823481,
3275.546733592, 1.000855269,
3275.567169114, 1.000761806,
3275.587604836, 1.001003966,
3275.608040458, 1.001129979,
3275.628476081, 1.001467423,
3275.669347326, 1.001196384,
3275.689782949, 1.001079504,
3275.710218572, 1.001174138,
3275.730654195, 1.001145935,
3275.751089818, 1.001117734,
3275.771525541, 1.001231458,
3275.791961064, 1.001174163,
3275.812396788, 1.001157452,
3275.832832412, 1.001266158,
3275.873703659, 1.001179117,
3275.914574807, 1.001482650,
3275.935010532, 1.001358230,
3275.955446156, 1.001442881,
3275.975881681, 1.001385638,
3275.996317405, 1.001360827,
3276.016753030, 1.001392273,
3276.037188755, 1.001373374,
3276.057624280, 1.001326238,
3276.078059905, 1.001452268,
3276.098495530, 1.001285392,
3276.118931156, 1.001421753,
3276.159802407, 1.001530852,
3276.180238033, 1.001417968,
3276.200673659, 1.001475546,
3276.221109285, 1.001513635,
3276.241544911, 1.001482556,
3276.261980637, 1.001312519,
3276.282416263, 1.001377813,
3276.302851790, 1.001318177,
3276.323287516, 1.001385886,
3276.343723143, 1.001376220,
3276.364158670, 1.001302719,
3276.405030024, 1.001422423,
3276.425465551, 1.001340977,
3276.445901278, 1.001287277,
3276.466336906, 1.001313575,
3276.486772633, 1.001412341,
3276.507208161, 1.001257362,
3276.527643789, 1.001212017,
3276.548079517, 1.001285372,
3276.568515045, 1.001283359,
3276.588950673, 1.001164139,
3276.609386401, 1.001252909,
3276.650257558, 1.000770755,
3276.670693287, 1.001258926,
3276.691128815, 1.001215655,
3276.711564544, 1.001164899,
3276.732000173, 1.001246891,
3276.752435802, 1.001218660,
3276.772871432, 1.001302434,
3276.793307061, 1.001242647,
3276.813742690, 1.001199352,
3276.834178320, 1.001232844,
3276.854613949, 1.001225069,
3276.875049479, 1.001182990,
3276.895485209, 1.001231320,
3276.915920839, 1.001154577,
3276.936356569, 1.001189955,
3276.956792099, 1.001187345,
3276.977227730, 1.001226119,
3276.997663460, 1.001218536,
3277.018098991, 1.001168312,
3277.038534621, 1.001291530,
3277.058970352, 1.001185166,
3277.079405883, 1.001111201,
3277.099841514, 1.001234489,
3277.140712776, 1.001266086,
3277.161148407, 1.001249116,
3277.181584139, 1.001249531,
3277.202019670, 1.001266593,
3277.222455402, 1.001178348,
3277.242891034, 1.001194955,
3277.263326666, 1.001258193,
3277.283762298, 1.001105500,
3277.304197930, 1.001023265,
3277.324633562, 1.001343415,
3277.345069194, 1.001217731,
3277.385940459, 1.001132832,
3277.406376192, 1.001163155,
3277.426811724, 1.001072167,
3277.447247457, 1.001159788,
3277.467682990, 1.001082350,
3277.488118623, 1.001044925,
3277.508554356, 1.001115068,
3277.528989889, 1.001080562,
3277.549425523, 1.000945763,
3277.569861256, 1.001288546,
3277.590296790, 1.000974449,
3277.631168157, 1.001062120,
3277.651603691, 1.001142592,
3277.672039425, 1.001148528,
3277.692475059, 1.001127719,
3277.712910593, 1.001093727,
3277.733346328, 1.001008047,
3277.753781962, 1.001004233,
3277.774217597, 1.001054073,
3277.794653231, 1.001001787,
3277.815088866, 1.001125652,
3277.835524501, 1.001045855,
3277.876395770, 1.001165354,
3277.896831506, 1.001069787,
3277.917267041, 1.001027992,
3277.937702676, 1.001163755,
3277.958138411, 1.001016095,
3277.978574047, 1.001214164,
3277.999009583, 1.001014519,
3278.019445318, 1.001078536,
3278.039880954, 1.001056629,
3278.060316490, 1.001071797,
3278.080752226, 1.001097516,
3278.121623498, 1.001224375,
3278.142059135, 1.001202028,
3278.162494771, 1.001107035,
3278.182930407, 1.001140497,
3278.203366044, 1.001099228,
3278.223801681, 1.001153168,
3278.244237317, 1.001146371,
3278.264672954, 1.001205948,
3278.285108491, 1.001142770,
3278.305544228, 1.001151124,
3278.325979865, 1.001099488,
3278.366851140, 1.001070544,
3278.387286777, 1.001294456,
3278.407722515, 1.001210075,
3278.428158153, 1.001137848,
3278.448593690, 1.000864334,
3278.469029428, 1.000808699,
3278.489465066, 1.000764243,
3278.509900604, 1.000718550,
3278.530336342, 1.000747983,
3278.550771980, 1.000822771,
3278.571207519, 1.000807059,
3278.612078895, 1.001358762,
3278.632514634, 1.001286766,
3278.652950173, 1.001260838,
3278.673385811, 1.001360302,
3278.693821550, 1.001279700,
3278.714257089, 1.000963569,
3278.734692728, 1.001357539,
3278.755128467, 1.001308165,
3278.775564006, 1.001280888,
3278.795999646, 1.001434256,
3278.816435385, 1.001304658,
3278.836870925, 1.001370667,
3278.857306664, 1.001237556,
3278.877742204, 1.001311554,
3278.898177843, 1.001268472,
3278.918613583, 1.001343164,
3278.939049123, 1.001178091,
3278.959484763, 1.001321461,
3278.979920503, 1.001293850,
3279.000356143, 1.001406426,
3279.020791684, 1.001403269,
3279.041227424, 1.001464841,
3279.061663064, 1.001298357,
3279.102534345, 1.001393165,
3279.122969986, 1.001456114,
3279.143405727, 1.001300099,
3279.163841268, 1.001439304,
3279.184276909, 1.001415476,
3279.204712650, 1.001440389,
3279.225148191, 1.001411911,
3279.245583832, 1.001387243,
3279.266019573, 1.001422212,
3279.286455115, 1.001321075,
3279.306890856, 1.001299739,
3279.347762039, 1.001413154,
3279.368197781, 1.001392224,
3279.388633423, 1.001279146,
3279.409069064, 1.001393507,
3279.429504706, 1.001297175,
3279.449940348, 1.001429478,
3279.470375990, 1.001326981,
3279.490811633, 1.001302440,
3279.511247275, 1.001538782,
3279.531682917, 1.001397334,
3279.552118560, 1.001051374,
3279.592989845, 1.001336245,
3279.633861130, 1.001230321,
3279.654296873, 1.001206904,
3279.674732416, 1.001142815,
3279.715603802, 1.001155344,
3279.736039345, 1.001366415,
3279.756474988, 1.001283912,
3279.776910731, 1.000682080,
3279.797346275, 1.002333177,
3279.838217662, 1.001155009,
3279.858653205, 1.001281475,
3279.879088949, 1.001238295,
3279.899524593, 1.001273603,
3279.919960136, 1.001216546,
3279.940395880, 1.001429898,
3279.960831524, 1.001274210,
3279.981267168, 1.001178979,
3280.001702812, 1.001267598,
3280.022138457, 1.001236977,
3280.042574201, 1.001163500,
3280.083445390, 1.001122672,
3280.103881134, 1.001051967,
3280.124316779, 1.001184638,
3280.144752323, 1.001190707,
3280.165188068, 1.001261466,
3280.185623713, 1.001173460,
3280.206059258, 1.001158161,
3280.226495003, 1.001010679,
3280.246930548, 1.000994155,
3280.267366293, 1.001053522,
3280.287801938, 1.001096206,
3280.308237483, 1.001188702,
3280.328673228, 1.001008917,
3280.349108874, 1.000942178,
3280.369544419, 1.000971407,
3280.389980164, 1.001016513,
3280.410415810, 1.000939457,
3280.430851356, 1.000947104,
3280.451287101, 1.000936281,
3280.471722747, 1.000959269,
3280.492158393, 1.000916474,
3280.512594039, 1.000889869,
3280.533029685, 1.000930237,
3280.573900977, 1.000916861,
3280.594336623, 1.000829271,
3280.614772369, 1.000809096,
3280.635208016, 1.000817699,
3280.655643562, 1.000848567,
3280.676079308, 1.000801136,
3280.696514955, 1.000838663,
3280.716950501, 1.000770969,
3280.737386248, 1.000682395,
3280.757821895, 1.000669206,
3280.778257642, 1.000757336,
3280.819128835, 1.000722739,
3280.839564582, 1.000598443,
3280.860000129, 1.000540187,
3280.880435776, 1.000564968,
3280.900871423, 1.000577490,
3280.921307071, 1.000498012,
3280.941742718, 1.000533131,
3280.962178465, 1.000330482,
3280.982614013, 1.000356752,
3281.003049760, 1.000412057,
3281.023485308, 0.999498076,
3281.064356703, 1.000235601,
3281.084792250, 1.000185419,
3281.105227898, 1.000220708,
3281.125663646, 1.000179805,
3281.146099294, 1.000175126,
3281.166534842, 1.000054583,
3281.186970590, 1.000096384,
3281.207406238, 0.999980595,
3281.227841786, 1.000023683,
3281.248277534, 1.000045958,
3281.268713182, 0.999179896,
3281.309584479, 0.999971651,
3281.330020128, 0.999817401,
3281.350455876, 0.999894783,
3281.370891425, 0.999972483,
3281.391327073, 0.999910119,
3281.411762822, 0.999817490,
3281.432198370, 0.999985394,
3281.452634019, 0.999898539,
3281.473069768, 0.999993322,
3281.493505317, 0.999696086,
3281.513941066, 0.999634358,
3281.554812264, 0.999782133,
3281.575248013, 0.999708669,
3281.595683662, 0.999681249,
3281.616119311, 0.999697790,
3281.636554960, 0.999696696,
3281.656990610, 0.999632914,
3281.677426259, 0.999482033,
3281.820475806, 0.999452580,
3281.840911456, 0.999413816,
3281.861347206, 0.999492839,
3281.881782756, 0.999360892,
3281.902218406, 0.999390383,
3281.922654156, 0.999280060,
3281.963525356, 0.999195753,
3281.983961106, 0.999240428,
3282.004396656, 0.999131312,
3282.045268056, 0.999217468,
3282.065703607, 0.999036304,
3282.086139357, 0.998901183,
3282.106575008, 0.998948068,
3282.127010658, 0.998954937,
3282.147446309, 0.998898568,
3282.167881959, 0.998934581,
3282.188317610, 0.998915719,
3282.208753260, 0.998764200,
3282.229188911, 0.998837890,
3282.249624662, 0.998816105,
3282.290495863, 0.998764812,
3282.310931514, 0.998811370,
3282.331367265, 0.998855311,
3282.351802816, 0.998737131,
3282.372238567, 0.998788475,
3282.392674118, 0.998778384,
3282.413109769, 0.998736136,
3282.433545521, 0.998686064,
3282.453981072, 0.998655945,
3282.474416723, 0.998677618,
3282.494852474, 0.998741474,
3282.535723777, 0.998697711,
3282.556159429, 0.998617528,
3282.576594980, 0.998664770,
3282.597030731, 0.998589261,
3282.617466383, 0.998642742,
3282.637901935, 0.998643305,
3282.658337686, 0.998644870,
3282.678773338, 0.998637657,
3282.699208990, 0.998629839,
3282.719644641, 0.998525661,
3282.740080293, 0.998695506,
3282.780951597, 0.998737457,
3282.801387249, 0.998659310,
3282.821823001, 0.998710004,
3282.842258653, 0.998718924,
3282.862694205, 0.998804969,
3282.883129957, 0.998708187,
3282.903565609, 0.998776367,
3282.924001161, 0.998878600,
3282.944436913, 0.998814377,
3282.964872565, 0.998870939,
3282.985308118, 0.998884319,
3283.026179422, 0.998932843,
3283.046615175, 0.999006704,
3283.067050827, 0.998992111,
3283.087486479, 0.999027022,
3283.107922132, 0.999094650,
3283.128357784, 0.999060998,
3283.148793337, 0.999059293,
3283.169229089, 0.999090766,
3283.189664742, 0.999016567,
3283.230536047, 0.999186224,
3283.250971700, 0.999223875,
3283.271407453, 0.999167553,
3283.291843006, 0.999341924,
3283.312278658, 0.999239577,
3283.332714411, 0.999382268,
3283.353150064, 0.999355251,
3283.373585617, 0.999454473,
3283.394021370, 0.999794340,
3283.537070941, 0.999635516,
3283.557506695, 0.999611491,
3283.577942248, 0.999681726,
3283.598377901, 0.999655768,
3283.618813654, 0.999742464,
3283.639249208, 0.999694438,
3283.659684861, 0.999711346,
3283.680120614, 0.999806497,
3283.700556168, 0.999725044,
3283.761863128, 0.999986540,
3283.782298881, 0.999961258,
3283.802734435, 1.000035541,
3283.843605842, 1.000054115,
3283.864041496, 1.000127019,
3283.884477049, 1.000118318,
3283.904912803, 1.000137058,
3283.925348457, 1.000228953,
3283.945784010, 1.000181007,
3283.966219764, 1.000198877,
3284.007090971, 1.000238183,
3284.027526725, 1.000135740,
3284.047962379, 1.000258425,
3284.068398133, 1.000337543,
3284.088833687, 1.000395004,
3284.109269341, 1.000330038,
3284.129705095, 1.000341326,
3284.150140649, 1.000425164,
3284.170576302, 1.000450094,
3284.191012056, 1.000455834,
3284.211447610, 1.000496054,
3284.252319018, 1.000718261,
3284.272754573, 1.000691796,
3284.293190327, 1.000718384,
3284.313625981, 1.000780624,
3284.334061635, 1.000763237,
3284.354497289, 1.000844305,
3284.374932943, 1.000811547,
3284.395368597, 1.000852928,
3284.415804251, 1.000851991,
3284.436239906, 1.000953591,
3284.456675560, 1.000978825,
3284.497546868, 1.001051710,
3284.517982423, 1.001041628,
3284.538418177, 1.001146902,
3284.558853831, 1.001137884,
3284.579289586, 1.001106288,
3284.599725140, 1.001188052,
3284.620160794, 1.001210070,
3284.640596549, 1.001208222,
3284.661032103, 1.001189948,
3284.681467758, 1.001317031,
3284.701903512, 1.001263395,
3284.742774721, 1.001350371,
3284.763210475, 1.001356550,
3284.783646030, 1.001359013,
3284.804081784, 1.001417643,
3284.824517439, 1.001450906,
3284.844953093, 1.001390588,
3284.865388748, 1.001413082,
3284.906260057, 1.001398930,
3284.926695712, 1.001450584,
3284.947131366, 1.001456677,
3284.988002776, 1.001571216,
3285.008438330, 1.001451335,
3285.028873985, 1.001456025,
3285.049309739, 1.001491946,
3285.069745294, 1.001523559,
3285.090181049, 1.001526481,
3285.110616703, 1.001510201,
3285.131052258, 1.001525570,
3285.151488013, 1.001541572,
3285.171923568, 1.001567547,
3285.192359222, 1.001465703,
3285.233230532, 1.001564235,
3285.253666186, 1.001598561,
3285.274101941, 1.001565678,
3285.294537496, 1.001547185,
3285.314973151, 1.001561835,
3285.335408905, 1.001570433,
3285.355844560, 1.001553020,
3285.376280215, 1.001605061,
3285.396715870, 1.001541048,
3285.417151525, 1.001609670,
3285.437587179, 1.001595177,
3285.478458489, 1.001727757,
3285.498894144, 1.001679240,
3285.519329799, 1.001590205,
3285.539765454, 1.001735048,
3285.580636763, 1.001690083,
3285.601072518, 1.001733745,
3285.621508173, 1.001671282,
3285.641943728, 1.001790912,
3285.662379483, 1.002274643,
3285.682815137, 1.001914310,
3285.723686447, 1.001879609,
3285.744122102, 1.001907340,
3285.764557657, 1.001908066,
3285.784993412, 1.001809980,
3285.805429067, 1.001824127,
3285.825864721, 1.001824313,
3285.968914306, 1.001625648,
3285.989349960, 1.001649645,
3286.009785715, 1.001816111,
3286.030221270, 1.001796998,
3286.050656925, 1.001590596,
3286.071092680, 1.001577231,
3286.091528235, 1.001484573,
3286.111963990, 1.001566412,
3286.132399644, 1.001575376,
3286.152835199, 1.001689275,
3286.173270954, 1.001649524,
3286.193706609, 1.001735998,
3286.214142164, 1.001643016,
3286.234577919, 1.001769884,
3286.255013573, 1.001792556,
3286.275449128, 1.001792016,
3286.295884883, 1.001652571,
3286.316320538, 1.001776695,
3286.336756093, 1.001753415,
3286.357191847, 1.001747529,
3286.377627502, 1.001676082,
3286.398063257, 1.001531159,
3286.418498812, 1.001621705,
3286.459370221, 1.001530786,
3286.479805876, 1.001557927,
3286.500241431, 1.001663963,
3286.520677186, 1.001630362,
3286.541112740, 1.001627294,
3286.561548395, 1.001557354,
3286.581984150, 1.001667914,
3286.602419704, 1.001616573,
3286.622855359, 1.001635608,
3286.643291114, 1.001510326,
3286.663726668, 1.001558743,
3286.704598078, 1.001556426,
3286.725033632, 1.001644733,
3286.745469387, 1.001587853,
3286.765905042, 1.001546479,
3286.786340596, 1.001523860,
3286.806776351, 1.001577191,
3286.827212006, 1.001550299,
3286.847647660, 1.001513843,
3286.868083315, 1.001524442,
3286.888518969, 1.001498423,
3286.908954724, 1.001397754,
3286.949825933, 1.001468163,
3286.970261687, 1.001520483,
3286.990697342, 1.001488171,
3287.011132896, 1.001494170,
3287.031568651, 1.001397782,
3287.052004305, 1.001515860,
3287.072439860, 1.001444092,
3287.092875614, 1.001437882,
3287.113311268, 1.001505438,
3287.133746823, 1.001411859,
3287.154182577, 1.001429854,
3287.195053986, 1.001553957,
3287.215489540, 1.001565779,
3287.235925194, 1.001626934,
3287.256360849, 1.001635144,
3287.276796503, 1.001569429,
3287.297232057, 1.001615527,
3287.317667811, 1.001608307,
3287.338103466, 1.001632841,
3287.358539020, 1.001653289,
3287.378974774, 1.001504151,
3287.399410428, 1.001553304,
3287.440281736, 1.001641123,
3287.460717390, 1.001671700,
3287.481153144, 1.001726408,
3287.501588698, 1.001599444,
3287.522024352, 1.001674985,
3287.542460107, 1.001694626,
3287.562895760, 1.001605421,
3287.583331314, 1.001671509,
3287.603767068, 1.001654629,
3287.624202722, 1.001650121,
3287.644638276, 1.001480652,
3287.685509684, 1.001651684,
3287.705945438, 1.001715373,
3287.726380992, 1.001642141,
3287.767252399, 1.001606659,
3287.787687953, 1.001628547,
3287.808123607, 1.001560059,
3287.828559360, 1.000583656,
3287.848994914, 1.002298690,
3287.869430567, 1.006509388,
3287.889866321, 0.996450288,
3287.930737528, 1.001664122,
3287.951173182, 1.001479830,
3287.971608835, 1.001429779,
3287.992044589, 1.001349818,
3288.012480142, 1.001402445,
3288.032915796, 1.001469873,
3288.053351549, 1.001503307,
3288.073787202, 1.001502443,
3288.094222756, 1.001464301,
3288.114658509, 1.001489781,
3288.135094162, 1.001609214,
3288.155529715, 1.001818221,
3288.175965469, 1.001639947,
3288.196401122, 1.001583374,
3288.216836675, 1.001513194,
3288.237272428, 1.001523480,
3288.257708081, 1.001630023,
3288.278143834, 1.001569835,
3288.298579387, 1.001528013,
3288.319015040, 1.001413960,
3288.339450793, 1.001395451,
3288.380321999, 1.001346109,
3288.421193305, 1.001287102,
3288.441628958, 1.001324492,
3288.462064711, 1.001188382,
3288.482500263, 1.001205114,
3288.502936016, 1.001079751,
3288.523371669, 1.001155374,
3288.543807321, 1.001100741,
3288.564242974, 1.001030035,
3288.584678626, 1.000977947,
3288.605114279, 1.001045328,
3288.625549932, 1.000951209,
3288.666421136, 1.000994205,
3288.686856889, 1.001014200,
3288.707292541, 1.000866331,
3288.727728194, 1.000818633,
3288.748163846, 1.000891526,
3288.768599498, 1.000850003,
3288.789035250, 1.000825514,
3288.809470802, 1.000840135,
3288.829906455, 1.000800759,
3288.850342207, 1.000704044,
3288.870777759, 1.000613702,
3288.911649163, 1.000611195,
3288.932084715, 1.000645447,
3288.952520367, 1.000539534,
3288.972956118, 1.000711008,
3288.993391670, 1.000700442,
3289.013827322, 1.000699713,
3289.034263074, 1.000619467,
3289.054698726, 1.000741391,
3289.075134377, 1.000632676,
3289.095570029, 1.000532401,
3289.116005680, 1.000528980,
3289.156876983, 1.000527499,
3289.177312635, 1.000529420,
3289.197748386, 1.000461466,
3289.218183938, 1.000307226,
3289.238619589, 1.000394351,
3289.259055340, 1.000383946,
3289.279490892, 1.000285917,
3289.299926643, 1.000219560,
3289.320362294, 1.000306386,
3289.340797845, 1.000184331,
3289.361233596, 1.000199931,
3289.402104798, 1.000176154,
3289.422540549, 1.000105527,
3289.442976100, 1.000077500,
3289.463411751, 1.000104087,
3289.483847502, 1.000163093,
3289.504283052, 1.000083323,
3289.524718703, 1.000097814,
3289.545154454, 1.000076977,
3289.565590104, 0.999988238,
3289.586025755, 1.000071822,
3289.606461405, 0.999930563,
3289.647332706, 1.000030192,
3289.667768357, 0.999985727,
3289.688204007, 0.999988917,
3289.708639757, 1.000127244,
3289.729075307, 1.000013477,
3289.749510958, 1.000021022,
3289.769946708, 0.999875961,
3289.790382258, 0.999865320,
3289.810817908, 0.999901445,
3289.831253658, 0.999843754,
3289.912996157, 0.999834644,
3289.933431907, 0.999753476,
3289.953867556, 0.999699193,
3289.974303106, 0.999791659,
3289.994738856, 0.999766190,
3290.015174505, 0.999814306,
3290.035610155, 0.999657366,
3290.056045804, 0.999630825,
3290.076481453, 0.999726325,
3290.096917103, 0.999657852,
3290.137788401, 0.999581372,
3290.158224050, 0.999646068,
3290.178659699, 0.999794077,
3290.199095348, 0.999782760,
3290.219530997, 0.999606322,
3290.239966646, 0.999639769,
3290.260402295, 0.999654265,
3290.280838044, 0.999751924,
3290.301273593, 0.999637793,
3290.321709241, 0.999711554,
3290.342144990, 0.999753813,
3290.383016287, 0.999760373,
3290.403451935, 0.999694855,
3290.423887484, 0.999648534,
3290.444323232, 0.999657415,
3290.464758880, 0.999716840,
3290.485194428, 0.999560170,
3290.505630177, 0.999625057,
3290.526065825, 0.999764239,
3290.546501473, 0.999614422,
3290.566937121, 0.999556159,
3290.587372769, 0.999480451,
3290.628244064, 0.999576671,
3290.648679712, 0.999688562,
3290.669115460, 0.999574289,
3290.689551107, 0.999494931,
3290.709986655, 0.999510707,
3290.730422402, 0.999577850,
3290.750858050, 0.999510141,
3290.771293597, 0.999399619,
3290.791729344, 0.999505812,
3290.812164892, 0.999513002,
3290.832600539, 0.999409997,
3290.873471833, 0.999318591,
3290.893907480, 0.999287904,
3290.914343227, 0.999486728,
3290.934778774, 0.999574733,
3290.955214520, 0.999448506,
3290.975650167, 0.999491550,
3290.996085714, 0.999378877,
3291.016521460, 0.999460429,
3291.036957107, 0.999469425,
3291.057392653, 0.999354467,
3291.077828400, 0.999350859,
3291.118699692, 0.999342193,
3291.139135338, 0.999410237,
3291.159570985, 0.999505483,
3291.180006731, 0.999438738,
3291.200442277, 0.999442212,
3291.220877922, 0.999409473,
3291.241313668, 0.999489291,
3291.261749314, 0.999357276,
3291.282184860, 0.999446677,
3291.302620605, 0.999332171,
3291.323056251, 0.999385410,
3291.363927542, 0.999269970,
3291.384363187, 0.999340425,
3291.404798732, 0.999482539,
3291.425234478, 0.999509187,
3291.445670123, 0.999458052,
3291.466105768, 0.999531862,
3291.486541413, 0.999549551,
3291.506977058, 0.999671980,
3291.527412703, 0.999617635,
3291.547848347, 0.999517141,
3291.568283892, 0.999472984,
3291.609155281, 0.999202690,
3291.629590926, 0.999307535,
3291.650026570, 0.999433576,
3291.670462215, 0.999477298,
3291.690897859, 0.999502380,
3291.711333503, 0.999537414,
3291.731769147, 0.999543423,
3291.752204891, 0.999647571,
3291.793076079, 0.999542192,
3291.813511823, 0.999503805,
3291.854383010, 0.999439519,
3291.874818754, 0.999319836,
3291.895254397, 0.999417119,
3291.915689941, 0.999492158,
3291.936125684, 0.999483569,
3291.956561327, 0.999512642,
3291.976996871, 0.999438000,
3291.997432614, 0.999332292,
3292.017868257, 0.999334905,
3292.038304000, 0.999357371,
3292.079175185, 0.999613363,
3292.099610928, 0.999499460,
3292.120046470, 0.999606960,
3292.140482113, 0.999611630,
3292.160917856, 0.999587674,
3292.181353398, 0.999621215,
3292.201789040, 0.999556762,
3292.222224682, 0.999738809,
3292.242660325, 0.999678167,
3292.263095967, 0.999684803,
3292.283531709, 0.999764544,
3292.303967250, 0.999776096,
3292.344838634, 0.999539204,
3292.365274176, 0.999636646,
3292.385709917, 0.999668129,
3292.406145559, 0.999765376,
3292.426581100, 0.999827728,
3292.447016842, 0.999810488,
3292.467452483, 0.999807094,
3292.487888024, 0.999882207,
3292.508323765, 0.999988470,
3292.528759406, 1.000007564,
3292.549194947, 0.999998426,
3292.590066328, 0.999907580,
3292.610502069, 1.000077337,
3292.630937609, 1.000060640,
3292.651373250, 1.000137660,
3292.671808990, 1.000114852,
3292.692244531, 1.000140734,
3292.712680171, 1.000316017,
3292.733115911, 1.000317858,
3292.753551551, 1.000393322,
3292.773987091, 1.000301253,
3292.794422831, 1.000288681,
3292.835294010, 1.000379318,
3292.855729750, 1.000474701,
3292.876165389, 1.000574935,
3292.896601028, 1.000691123,
3292.917036668, 1.000603524,
3292.937472207, 1.000719854,
3292.957907946, 1.000802542,
3292.978343585, 1.000818125,
3292.998779124, 1.000835081,
3293.019214863, 1.000807289,
3293.039650502, 1.000943879,
3293.080521779, 1.000878089,
3293.100957417, 1.001013205,
3293.121393056, 1.001076130,
3293.141828694, 1.001096659,
3293.162264332, 1.001071850,
3293.182700070, 1.001184440,
3293.203135608, 1.001231708,
3293.223571246, 1.001275273,
3293.244006984, 1.001431214,
3293.264442622, 1.001365598,
3293.284878159, 1.001383935,
3293.325749534, 1.001305424,
3293.346185072, 1.001305156,
3293.366620809, 1.001321889,
3293.387056446, 1.001461560,
3293.407491983, 1.001533592,
3293.427927720, 1.001583958,
3293.448363357, 1.001520002,
3293.468799094, 1.001640433,
3293.489234630, 1.001730149,
3293.509670267, 1.001619948,
3293.530106003, 1.001733533,
3293.570977176, 1.001569585,
3293.591412812, 1.001623463,
3293.611848448, 1.001623340,
3293.632284084, 1.001711621,
3293.652719720, 1.001611398,
3293.673155355, 1.001616784,
3293.693590991, 1.001705483,
3293.714026627, 1.001806326,
3293.734462262, 1.001804881,
3293.754897898, 1.001691739,
3293.775333633, 1.001786911,
3293.816204903, 1.001668425,
3293.836640538, 1.001585311,
3293.857076073, 1.001494263,
3293.877511808, 1.001487287,
3293.897947442, 1.001432335,
3293.918382977, 1.001477388,
3293.938818711, 1.001490063,
3293.959254345, 1.001477243,
3294.000125614, 1.001522303,
3294.020561248, 1.001512212,
3294.040996782, 1.001578239,
3294.061432516, 1.001030942,
3294.081868149, 1.001024786,
3294.102303883, 1.000962634,
3294.122739416, 1.001012847,
3294.163610783, 1.000988142,
3294.184046316, 1.001085961,
3294.204481949, 1.001277915,
3294.224917682, 1.001329589,
3294.245353315, 1.001347811,
3294.265788848, 1.001305642,
3294.306660113, 1.001343615,
3294.327095745, 1.001346504,
3294.347531478, 1.001327335,
3294.367967010, 1.001406639,
3294.388402642, 1.001397113,
3294.408838374, 1.001364691,
3294.429273906, 1.001407236,
3294.449709637, 1.001338942,
3294.470145269, 1.001342556,
3294.490580800, 1.001275023,
3294.511016532, 1.001242195,
3294.551887694, 1.001233585,
3294.572323425, 1.001289407,
3294.592759056, 1.001306068,
3294.613194687, 1.001275226,
3294.633630318, 1.001240315,
3294.654065949, 1.001150699,
3294.674501579, 1.001223390,
3294.694937210, 1.001242391,
3294.715372840, 1.001155289,
3294.735808570, 1.001179227,
3294.756244100, 1.001079111,
3294.797115460, 1.001141966,
3294.817551090, 1.001150561,
3294.837986619, 1.001158966,
3294.858422349, 1.001029622,
3294.878857978, 1.001099614,
3294.899293507, 1.001076393,
3294.919729236, 1.001073928,
3294.940164865, 1.001120844,
3294.960600394, 1.001071651,
3294.981036123, 1.001135830,
3295.001471752, 1.000999331,
3295.042343009, 1.001077035,
3295.062778637, 1.001007822,
3295.083214265, 1.001048233,
3295.103649893, 1.000971486,
3295.124085421, 1.000859737,
3295.144521149, 1.000907998,
3295.164956777, 1.000914921,
3295.185392404, 1.000890878,
3295.205828032, 1.000884758,
3295.226263659, 1.000856625,
3295.246699287, 1.000899505,
3295.287570541, 1.000781935,
3295.308006168, 1.000779182,
3295.328441894, 1.000817938,
3295.348877421, 1.000738707,
3295.369313047, 1.000784561,
3295.389748774, 1.000861352,
3295.410184300, 1.000755998,
3295.430620026, 1.000850819,
3295.451055652, 1.000746657,
3295.471491178, 1.000710795,
3295.491926904, 1.000712358,
3295.532798055, 1.000769147,
3295.553233780, 1.000665107,
3295.573669406, 1.000557368,
3295.594104931, 1.000590488,
3295.614540656, 1.000593591,
3295.634976281, 1.000549072,
3295.655411906, 1.000501733,
3295.675847530, 1.000528901,
3295.696283155, 1.000569578,
3295.716718779, 1.000564124,
3295.737154503, 1.000662810,
3295.778025751, 1.000605862,
3295.798461275, 1.000500419,
3295.818896899, 1.000546465,
3295.839332623, 1.000595460,
3295.859768146, 1.000560618,
3295.880203770, 1.000608713,
3295.900639493, 1.000497697,
3295.921075016, 1.000442842,
3295.941510639, 1.000540272,
3295.961946362, 1.000468090,
3295.982381884, 1.000476938,
3296.023253229, 1.000364534,
3296.043688752, 1.000368218,
3296.064124374, 1.000346500,
3296.084560096, 1.000298610,
3296.104995718, 1.000373186,
3296.125431340, 1.000338134,
3296.145866961, 1.000544966,
3296.166302583, 1.000416995,
3296.186738204, 1.000429945,
3296.207173826, 1.000265983,
3296.227609447, 1.000267221,
3296.248045168, 1.000216741,
3296.268480689, 1.000245492,
3296.288916309, 1.000233504,
3296.309352030, 1.000234752,
3296.329787550, 1.000259001,
3296.350223171, 1.000261003,
3296.370658891, 1.000292196,
3296.391094411, 1.000349035,
3296.411530031, 1.000358066,
3296.431965751, 1.000367019,
3296.452401270, 1.000255167,
3296.472836990, 1.000253699,
3296.513708128, 1.000416392,
3296.534143848, 1.000367713,
3296.554579367, 1.000316955,
3296.575014985, 1.000301799,
3296.595450704, 1.000303364,
3296.615886223, 1.000290155,
3296.636321841, 1.000337426,
3296.656757559, 1.000368351,
3296.677193177, 1.000361997,
3296.697628695, 1.000349265,
3296.718064413, 1.000358577,
3296.738500031, 1.000395612,
3296.758935549, 1.000407594,
3296.779371266, 1.000398470,
3296.799806883, 1.000437204,
3296.820242600, 1.000396526,
3296.840678117, 1.000394969,
3296.861113734, 1.000403611,
3296.881549451, 1.000404559,
3296.901984968, 1.000394932,
3296.922420584, 1.000370588,
3296.942856300, 1.000409175,
3296.963291816, 1.000383132,
3296.983727432, 1.000382375,
3297.004163148, 1.000410730,
3297.024598664, 1.000358285,
3297.045034280, 1.000427261,
3297.065469995, 1.000429912,
3297.085905610, 1.000404402,
3297.106341125, 1.000410608,
3297.126776841, 1.000362867,
3297.147212455, 1.000428636,
3297.167647970, 1.000412757,
3297.188083685, 1.000390392,
3297.228954913, 1.000425493,
3297.249390527, 1.000409499,
3297.269826141, 1.000431077,
3297.290261755, 1.000472476,
3297.310697369, 1.000394844,
3297.331132882, 1.000428263,
3297.351568596, 1.000420674,
3297.372004209, 1.000434502,
3297.392439722, 1.000469276,
3297.412875435, 1.000428109,
3297.433311048, 1.000547919,
3297.453746561, 1.000518942,
3297.474182273, 1.000454369,
3297.494617885, 1.000476548,
3297.515053498, 1.000484207,
3297.535489110, 1.000487324,
3297.555924722, 1.000490637,
3297.576360433, 1.000495822,
3297.596795945, 1.000474273,
3297.617231556, 1.000501150,
3297.637667268, 1.000545352,
3297.658102879, 1.000555533,
3297.678538390, 1.000550145,
3297.698974101, 1.000588178,
3297.739845222, 1.000597368,
3297.760280932, 1.000561134,
3297.780716542, 1.000596499,
3297.801152052, 1.000619345,
3297.821587762, 1.000547464,
3297.842023372, 1.000559826,
3297.862458882, 1.000606231,
3297.882894591, 1.000612938,
3297.903330200, 1.000618735,
3297.923765810, 1.000609530,
3297.944201419, 1.000632883,
3297.964636928, 1.000709051,
3297.985072636, 1.000645361,
3298.005508245, 1.000619532,
3298.025943853, 1.000602787,
3298.046379461, 1.000623828,
3298.066815069, 1.000637508,
3298.087250677, 1.000680519,
3298.107686285, 1.000678426,
3298.128121892, 1.000693804,
3298.148557500, 1.000657945,
3298.168993207, 1.000627366,
3298.189428714, 1.000624190,
3298.209864321, 1.000607515,
3298.230300028, 1.000649384,
3298.250735535, 1.000617563,
3298.271171141, 1.000716262,
3298.291606847, 1.000683628,
3298.312042354, 1.000690357,
3298.332477959, 1.000651900,
3298.352913665, 1.000670419,
3298.373349171, 1.000675436,
3298.393784876, 1.000675356,
3298.414220482, 1.000646754,
3298.434655987, 1.000719767,
3298.455091692, 1.000653118,
3298.475527297, 1.000691382,
3298.495962901, 1.000694758,
3298.516398506, 1.000686445,
3298.536834110, 1.000671845,
3298.557269714, 1.000671678,
3298.577705319, 1.000715038,
3298.598140922, 1.000767762,
3298.618576526, 1.000768863,
3298.639012230, 1.000760480,
3298.659447733, 1.000768603,
3298.679883336, 1.000799832,
3298.700318939, 1.000869186,
3298.720754542, 1.000847428,
3298.741190145, 1.000832726,
3298.761625747, 1.000836402,
3298.782061350, 1.000834192,
3298.802497052, 1.000834627,
3298.822932554, 1.000897253,
3298.843368156, 1.000872894,
3298.863803858, 1.000938604,
3298.884239359, 1.000947082,
3298.904674961, 1.000949274,
3298.925110662, 1.000919545,
3298.945546163, 1.000992970,
3298.965981764, 1.000982382,
3298.986417464, 1.000992625,
3299.006853065, 1.001009923,
3299.027288565, 1.000998307,
3299.047724266, 1.001012610,
3299.068159866, 1.001031631,
3299.088595365, 1.001092781,
3299.109031065, 1.001084727,
3299.129466664, 1.001041396,
3299.149902164, 1.001066228,
3299.170337863, 1.001033464,
3299.190773462, 1.001042009,
3299.211209161, 1.001129542,
3299.231644660, 1.001113518,
3299.252080258, 1.001164432,
3299.272515956, 1.001134815,
3299.292951455, 1.001163139,
3299.313387053, 1.001194374,
3299.333822750, 1.001209194,
3299.354258248, 1.001191318,
3299.374693845, 1.001240598,
3299.395129543, 1.001269365,
3299.415565040, 1.001272024,
3299.436000637, 1.001277391,
3299.456436233, 1.001238344,
3299.476871830, 1.001269045,
3299.497307426, 1.001296278,
3299.517743022, 1.001311285,
3299.538178618, 1.001250906,
3299.558614215, 1.001279040,
3299.579049910, 1.001304558,
3299.599485406, 1.001319243,
3299.619921001, 1.001332810,
3299.640356696, 1.001380592,
3299.660792191, 1.001422887,
3299.701663481, 1.001244439,
3299.722098975, 1.001180876,
3299.742534669, 1.001213894,
3299.762970263, 1.001191259,
3299.783405757, 1.001268950,
3299.803841451, 1.001265522,
3299.824277044, 1.001222653,
3299.844712638, 1.001241618,
3299.865148231, 1.001298697,
3299.885583824, 1.001270024,
3299.906019417, 1.001277881,
3299.926455010, 1.001372786,
3299.946890602, 1.001305758,
3299.967326194, 1.001305260,
3299.987761886, 1.001331860,
3300.008197378, 1.001292716,
3300.028632970, 1.001272722,
3300.049068662, 1.001302219,
3300.069504153, 1.001246715,
3300.089939744, 1.001230636,
3300.110375435, 1.001249563,
3300.130810926, 1.001162886,
3300.151246617, 1.001152608,
3300.171682107, 1.001200154,
3300.192117697, 1.001319440,
3300.212553387, 1.001288236,
3300.232988877, 1.001301787,
3300.253424467, 1.001263536,
3300.273860157, 1.001232389,
3300.294295646, 1.001235333,
3300.314731235, 1.001213895,
3300.335166924, 1.001175233,
3300.355602413, 1.001134440,
3300.376038001, 1.001156871,
3300.396473690, 1.001196730,
3300.416909278, 1.001170890,
3300.437344766, 1.001140106,
3300.457780454, 1.001105229,
3300.478216042, 1.001020006,
3300.498651529, 1.001059594,
3300.539522803, 1.001020489,
3300.559958490, 1.001079884,
3300.580393977, 1.001042728,
3300.600829563, 1.001048221,
3300.621265250, 1.001110462,
3300.641700736, 1.001158625,
3300.682572008, 1.000985028,
3300.703007493, 1.000955159,
3300.723443079, 1.000953521,
3300.743878764, 1.000942897,
3300.764314249, 1.000931576,
3300.784749834, 1.000902116,
3300.805185518, 1.000884027,
3300.825621103, 1.000888120,
3300.846056587, 1.000922894,
3300.866492271, 1.000955977,
3300.886927855, 1.000959900,
3300.907363338, 1.001013050,
3300.927799022, 1.001061954,
3300.948234505, 1.001068363,
3300.968670088, 1.001090885,
3300.989105771, 1.001057392,
3301.009541254, 1.001117726,
3301.029976936, 1.001070584,
3301.050412518, 1.001196920,
3301.070848000, 1.001100716,
3301.091283682, 1.001066560,
3301.111719264, 1.001128082,
3301.132154746, 1.001106041,
3301.173026008, 1.001004006,
3301.193461489, 1.000963928,
3301.213897170, 1.000914296,
3301.234332750, 1.000945257,
3301.254768330, 1.000951519,
3301.275203910, 1.000986046,
3301.295639490, 1.000973175,
3301.316075070, 1.000952014,
3301.336510750, 1.001026145,
3301.356946229, 1.000980568,
3301.377381808, 1.000993913,
3301.397817487, 1.001022313,
3301.418252966, 1.001013837,
3301.438688544, 1.001046664,
3301.459124223, 1.001108578,
3301.479559701, 1.001202149,
3301.499995279, 1.001227123,
3301.520430956, 1.001181636,
3301.540866434, 1.001143518,
3301.561302111, 1.001152035,
3301.581737688, 1.001187735,
3301.602173165, 1.001348937,
3301.622608842, 1.001470770,
3301.683915571, 1.001414577,
3301.704351147, 1.001421400,
3301.724786622, 1.001419998,
3301.745222298, 1.001427832,
3301.765657873, 1.001476989,
3301.786093348, 1.001419702,
3301.806529023, 1.001430426,
3301.826964598, 1.001411146,
3301.847400072, 1.001491957,
3301.867835746, 1.001478356,
3301.888271320, 1.001643027,
3301.908706794, 1.001623237,
3301.929142468, 1.001573254,
3301.949578041, 1.001676475,
3301.970013514, 1.001618334,
3301.990449187, 1.001660800,
3302.010884760, 1.001684587,
3302.031320433, 1.001642902,
3302.051755905, 1.001678144,
3302.072191477, 1.001651359,
3302.092627149, 1.001690451,
3302.113062621, 1.001789488,
3302.133498193, 1.001790336,
3302.153933864, 1.001774873,
3302.174369435, 1.001768007,
3302.194804906, 1.001732205,
3302.215240577, 1.001701450,
3302.235676147, 1.001799103,
3302.256111617, 1.001786789,
3302.276547288, 1.001710616,
3302.296982857, 1.001723208,
3302.317418327, 1.001808891,
3302.337853997, 1.001804413,
3302.358289566, 1.001848054,
3302.399160704, 1.001839354,
3302.419596172, 1.001827320,
3302.440031741, 1.001785841,
3302.460467409, 1.001853064,
3302.480902877, 1.001794798,
3302.501338444, 1.001818694,
3302.521774112, 1.001823528,
3302.542209679, 1.001836180,
3302.562645246, 1.001878714,
3302.583080813, 1.001841780,
3302.603516380, 1.001823997,
3302.623951946, 1.001767431,
3302.644387513, 1.001783121,
3302.664823079, 1.001674099,
3302.685258744, 1.001705837,
3302.705694210, 1.001718291,
3302.726129775, 1.001641951,
3302.746565440, 1.001625799,
3302.767000905, 1.001543345,
3302.787436470, 1.001573631,
3302.807872134, 1.001506916,
3302.828307599, 1.001435108,
3302.848743163, 1.001441778,
3302.910049854, 1.001494502,
3302.930485517, 1.001578898,
3302.950920980, 1.001587783,
3302.971356543, 1.001529762,
3302.991792205, 1.001517163,
3303.012227767, 1.001496820,
3303.032663330, 1.001530965,
3303.053098891, 1.001435086,
3303.073534453, 1.000754930,
3303.093970014, 0.998525177,
3303.134841137, 1.001056508,
3303.155276697, 1.001040653,
3303.175712258, 1.001109655,
3303.196147718, 1.001131118,
3303.216583378, 1.001171727,
3303.237018938, 1.001159392,
3303.257454398, 1.001013972,
3303.277890057, 1.000986449,
3303.298325616, 1.001002008,
3303.318761075, 1.000937522,
3303.339196734, 1.000938946,
3303.359632293, 1.000822366,
3303.380067851, 1.000791921,
3303.400503409, 1.000847241,
3303.420938967, 1.000845312,
3303.441374524, 1.000888978,
3303.461810082, 1.000748344,
3303.482245639, 1.000815472,
3303.502681196, 1.000821276,
3303.523116852, 1.000790925,
3303.543552309, 1.000764857,
3303.563987965, 1.000754840,
3303.584423521, 1.000707067,
3303.645730188, 1.000849146,
3303.666165643, 1.000787368,
3303.686601298, 1.000764321,
3303.707036852, 1.000723596,
3303.727472307, 1.000767716,
3303.747907961, 1.000704016,
3303.768343515, 1.000694207,
3303.788778968, 1.000694732,
3303.809214622, 1.000720188,
3303.829650175, 1.000712306,
3303.850085728, 1.000746657,
3303.870521281, 1.000596652,
3303.890956834, 1.000589449,
3303.911392286, 1.000554198,
3303.931827938, 1.000532445,
3303.952263490, 1.000491177,
3303.972698942, 1.000499656,
3303.993134593, 1.000513800,
3304.013570144, 1.000545947,
3304.034005595, 1.000454446,
3304.054441246, 1.000475540,
3304.074876796, 1.000462706,
3304.115747896, 1.000384538,
3304.136183446, 1.000384804,
3304.156619096, 1.000325563,
3304.177054545, 1.000306837,
3304.197490094, 1.000249523,
3304.217925743, 1.000172166,
3304.238361192, 1.000236130,
3304.258796740, 1.000198925,
3304.279232388, 1.000252268,
3304.299667836, 1.000161467,
3304.320103384, 1.000217645,
3304.340539031, 1.000289969,
3304.360974578, 1.000186012,
3304.381410025, 1.000123230,
3304.401845672, 1.000074206,
3304.422281218, 1.000055259,
3304.442716664, 1.000061697,
3304.463152310, 1.000009876,
3304.483587856, 1.000036243,
3304.504023302, 1.000016326,
3304.524458947, 1.000013348,
3304.544894492, 1.000034579,
3304.565329937, 1.000001468,
3304.606201125, 0.999748658,
3304.626636569, 0.999805976,
3304.647072213, 0.999852032,
3304.667507657, 0.999853227,
3304.687943300, 0.999872634,
3304.708378843, 0.999894751,
3304.728814286, 0.999948437,
3304.749249929, 0.999976556,
3304.769685471, 0.999982026,
3304.790121013, 0.999922369,
3304.810556555, 0.999852452,
3304.830992097, 0.999805012,
3304.851427638, 0.999751319,
3304.871863179, 0.999788047,
3304.892298720, 0.999720445,
3304.912734261, 0.999734113,
3304.933169901, 0.999721821,
3304.953605341, 0.999733457,
3304.974040881, 0.999626206,
3304.994476521, 0.999586529,
3305.014911960, 0.999603962,
3305.035347499, 0.999584185,
3305.055783138, 0.999631662,
3305.076218577, 0.999567803,
3305.096654115, 0.999675485,
3305.117089754, 0.999646444,
3305.137525192, 0.999604375,
3305.157960729, 0.999539708,
3305.178396367, 0.999461610,
3305.198831904, 0.999464669,
3305.219267341, 0.999450889,
3305.239702978, 0.999377814,
3305.260138514, 0.999305982,
3305.280574050, 0.999326352,
3305.301009586, 0.999269373,
3305.321445122, 0.999355814,
3305.341880657, 0.999333047,
3305.362316192, 0.999281767,
3305.382751727, 0.999304142,
3305.403187262, 0.999307096,
3305.423622797, 0.999314972,
3305.444058231, 0.999332629,
3305.464493865, 0.999351802,
3305.484929398, 0.999385039,
3305.505364832, 0.999391904,
3305.525800465, 0.999437461,
3305.546235998, 0.999429200,
3305.587107063, 0.999353703,
3305.607542595, 0.999370057,
3305.627978127, 0.999445124,
3305.648413659, 0.999464803,
3305.668849190, 0.999411711,
3305.689284721, 0.999354153,
3305.709720252, 0.999360777,
3305.730155783, 0.999335596,
3305.750591313, 0.999606165,
3305.771026943, 0.999610561,
3305.791462373, 0.999527502,
3305.811898003, 0.999657424,
3305.832333532, 0.999519377,
3305.852768961, 0.999524954,
3305.873204590, 0.999553503,
3305.893640119, 0.999595478,
3305.914075547, 0.999600013,
3305.934511175, 0.999553317,
3305.954946703, 0.999583378,
3305.975382131, 0.999590753,
3305.995817758, 0.999597548,
3306.016253285, 0.999603717,
3306.036688812, 0.999614988,
3306.057124338, 0.999627174,
3306.077559865, 0.999684671,
3306.097995391, 0.999628979,
3306.118430916, 0.999623682,
3306.159301867, 0.999661282,
3306.179737492, 0.999672702,
3306.200173017, 0.999786599,
3306.220608441, 0.999791154,
3306.241044065, 0.999780766,
3306.261479589, 0.999811750,
3306.281915013, 0.999834775,
3306.302350636, 0.999885318,
3306.322786160, 0.999930181,
3306.343221582, 0.999997759,
3306.363657205, 1.000030541,
3306.384092727, 0.999994788,
3306.404528150, 1.000026691,
3306.424963771, 1.000024981,
3306.445399293, 1.000030333,
3306.465834914, 0.999984243,
3306.486270335, 1.000040976,
3306.506705856, 1.000074117,
3306.527141477, 1.000129452,
3306.588448036, 1.000090478,
3306.608883556, 1.000107963,
3306.629318975, 1.000153530,
3306.649754594, 1.000125084,
3306.670190112, 1.000176591,
3306.690625531, 1.000243892,
3306.711061149, 1.000273535,
3306.731496667, 1.000339087,
3306.751932084, 1.000328140,
3306.772367702, 1.000351515,
3306.792803219, 1.000398406,
3306.813238636, 1.000349035,
3306.833674252, 1.000358581,
3306.854109768, 1.000356125,
3306.874545184, 1.000423330,
3306.894980800, 1.000510690,
3306.915416215, 1.000553085,
3306.935851730, 1.000578129,
3306.956287345, 1.000599407,
3306.976722860, 1.000567593,
3306.997158274, 1.000682774,
3307.017593889, 1.000630759,
3307.058464916, 1.000706501,
3307.078900429, 1.000624960,
3307.119771555, 1.000679486,
3307.140206967, 1.000680662,
3307.160642479, 1.000608225,
3307.181078091, 1.000670141,
3307.201513503, 1.000682990,
3307.221949014, 1.000763816,
3307.242384625, 1.000798683,
3307.262820036, 1.000818759,
3307.283255546, 1.000842794,
3307.303691157, 1.000863384,
3307.324126567, 1.000938299,
3307.344562076, 1.000910229,
3307.364997686, 1.000963403,
3307.385433095, 1.001041637,
3307.405868604, 1.001076082,
3307.426304212, 1.001102330,
3307.446739721, 1.001108899,
3307.467175129, 1.001083864,
3307.487610736, 1.001085364,
3307.508046244, 1.001247134,
3307.569352765, 1.001405795,
3307.589788171, 1.001342470,
3307.610223777, 1.001299842,
3307.630659283, 1.001244449,
3307.651094689, 1.001260414,
3307.671530294, 1.001241072,
3307.691965699, 1.001241408,
3307.712401304, 1.001302422,
3307.732836808, 1.001328459,
3307.753272212, 1.001363986,
3307.773707816, 1.001448500,
3307.794143319, 1.001428305,
3307.814578823, 1.001407125,
3307.835014326, 1.001471927,
3307.855449829, 1.001425882,
3307.875885331, 1.001522705,
3307.896320833, 1.001498458,
3307.916756335, 1.001479344,
3307.937191837, 1.001505614,
3307.957627438, 1.001547672,
3307.978062839, 1.001536992,
3307.998498340, 1.001567220,
3308.018933940, 1.001523478,
3308.039369341, 1.001571852,
3308.059804840, 1.001567892,
3308.080240440, 1.001525465,
3308.100675839, 1.001518018,
3308.121111338, 1.001603035,
3308.141546937, 1.001491473,
3308.161982336, 1.001507778,
3308.182417834, 1.001499744,
3308.202853432, 1.001548414,
3308.223288829, 1.001564225,
3308.243724327, 1.001593851,
3308.284595421, 1.001546134,
3308.305030817, 1.001466164,
3308.325466413, 1.001520229,
3308.345901909, 1.001480234,
3308.366337405, 1.001439848,
3308.386772900, 1.001386124,
3308.407208295, 1.001445346,
3308.427643890, 1.001385709,
3308.448079384, 1.001375352,
3308.468514778, 1.001348555,
3308.488950372, 1.001405319,
3308.509385866, 1.001367591,
3308.529821259, 1.001420449,
3308.550256852, 1.001368831,
3308.570692345, 1.001362609,
3308.591127737, 1.001327577,
3308.611563329, 1.001323088,
3308.631998821, 1.001343554,
3308.652434313, 1.001280997,
3308.672869804, 1.001280603,
3308.693305295, 1.001274786,
3308.713740786, 1.001310246,
3308.734176276, 1.001298472,
3308.775047256, 1.001261411,
3308.795482846, 1.001186688,
3308.815918235, 1.001180679,
3308.836353724, 1.001097929,
3308.856789312, 1.001111822,
3308.897660189, 1.001149913,
3308.918095776, 1.001085493,
3308.938531164, 1.001147411,
3308.958966651, 1.001071596,
3308.979402238, 1.001052192,
3309.020273111, 1.000958458,
3309.040708697, 1.000916071,
3309.061144082, 1.000863378,
3309.081579668, 1.000834270,
3309.102015153, 1.000868976,
3309.122450538, 1.000856247,
3309.142886122, 1.000862370,
3309.163321606, 1.000852891,
3309.183756990, 1.000860412,
3309.204192574, 1.000812503,
3309.224628057, 1.000766446,
3309.245063440, 1.000766096,
3309.265499023, 1.000709138,
3309.285934505, 1.000694333,
3309.306369887, 1.000639315,
3309.326805469, 1.000655929,
3309.347240951, 1.000659130,
3309.367676332, 1.000645805,
3309.388111913, 1.000677519,
3309.408547393, 1.000669560,
3309.428982774, 1.000698483,
3309.449418353, 1.000579332,
3309.469853833, 1.000645234,
3309.510724792, 1.000601991,
3309.531160270, 1.000508511,
3309.551595749, 1.000546325,
3309.572031227, 1.000541423,
3309.592466705, 1.000515813,
3309.612902182, 1.000510858,
3309.633337760, 1.000528735,
3309.653773137, 1.000394104,
3309.674208613, 0.999990070,
3309.694644190, 0.999846404,
3309.715079566, 0.999886180,
3309.735515042, 0.999917482,
3309.755950617, 0.999876685,
3309.776385992, 0.999861757,
3309.796821467, 0.999903140,
3309.817257042, 1.000236463,
3309.837692416, 1.000185285,
3309.858127990, 1.000203369,
3309.878563463, 1.000247212,
3309.898998837, 1.000260876,
3309.919434410, 1.000231770,
3309.939869782, 1.000316439,
3309.960305255, 1.000255286,
3309.980740827, 1.000258785,
3310.001176299, 1.000231996,
3310.021611670, 1.000306902,
3310.042047241, 1.000228080,
3310.062482712, 1.000249095,
3310.082918082, 1.000228488,
3310.103353653, 1.000179185,
3310.123789123, 1.000195000,
3310.144224492, 1.000208076,
3310.164660061, 1.000202242,
3310.185095530, 1.000229324,
3310.205530899, 1.000162832,
3310.246401935, 1.000175003,
3310.266837303, 1.000195274,
3310.287272871, 1.000134085,
3310.307708338, 1.000102075,
3310.328143804, 1.000122294,
3310.348579271, 1.000125041,
3310.369014737, 0.999902840,
3310.389450203, 0.999870905,
3310.409885669, 0.999957946,
3310.430321134, 1.000020977,
3310.450756599, 1.000015239,
3310.471192163, 1.000045805,
3310.491627528, 1.000078735,
3310.512062992, 0.999999755,
3310.532498555, 1.000022803,
3310.552933919, 1.000018000,
3310.573369382, 1.000023081,
3310.593804944, 0.999969789,
3310.614240307, 1.000073087,
3310.634675869, 1.000150618,
3310.655111231, 1.000201357,
3310.675546692, 1.000222651,
3310.695982253, 1.000189757,
3310.716417614, 1.000257108,
3310.736853075, 1.000232490,
3310.757288635, 1.000228531,
3310.777723995, 1.000191487,
3310.798159454, 1.000254952,
3310.818595014, 1.000289678,
3310.839030472, 1.000327350,
3310.859465831, 1.000404454,
3310.879901389, 1.000404180,
3310.900336847, 1.000473844,
3310.920772205, 1.000570491,
3310.941207762, 1.000527504,
3310.961643219, 1.000580175,
3310.982078576, 1.000488145,
3311.002514132, 1.000531445,
3311.022949588, 1.000532839,
3311.043384944, 1.000549250,
3311.063820499, 1.000613975,
3311.084255955, 1.000672031,
3311.104691309, 1.000741737,
3311.125126864, 1.000741765,
3311.145562318, 1.000816274,
3311.165997772, 1.000729571,
3311.186433225, 0.998468334,
3311.227304131, 1.000891395,
3311.247739584, 1.000890672,
3311.268175036, 1.000904359,
3311.288610487, 1.000924979,
3311.329481390, 1.000826628,
3311.349916841, 1.000897791,
3311.370352292, 1.000898783,
3311.390787742, 1.000957415,
3311.411223292, 1.000868419,
3311.431658741, 0.996689622,
3311.472529639, 1.001086110,
3311.492964988, 1.000913944,
3311.513400436, 1.000964304,
3311.533835984, 1.000863429,
3311.554271332, 1.000851904,
3311.574706779, 1.000806226,
3311.595142326, 1.000837246,
3311.615577673, 1.000780470,
3311.636013119, 1.000798833,
3311.676884111, 1.000682293,
3311.717755001, 1.000897736,
3311.738190446, 1.000759293,
3311.758625790, 1.000763453,
3311.779061334, 1.000707001,
3311.799496778, 1.000623243,
3311.819932121, 1.000632982,
3311.840367664, 1.000640967,
3311.860803107, 1.000585533,
3311.881238449, 1.000679246,
3311.901673991, 1.000566406,
3311.922109433, 1.000566371,
3311.962980315, 1.000940516,
3311.983415756, 1.000983115,
3312.003851196, 1.001056845,
3312.024286636, 1.001013729,
3312.044722076, 1.001020519,
3312.065157516, 1.001020610,
3312.085592954, 1.000917790,
3312.106028393, 1.000804408,
3312.126463832, 1.000806196,
3312.146899370, 1.000711624,
3312.167334707, 1.000717470,
3312.187770145, 1.000706930,
3312.208205582, 1.000817816,
3312.228641018, 1.000758332,
3312.249076355, 1.000686871,
3312.269511891, 1.000620975,
3312.289947326, 1.000529516,
3312.310382862, 1.000509620,
3312.330818197, 1.000533886,
3312.351253631, 1.000496055,
3312.371689166, 1.000528319,
3312.392124500, 1.000509829,
3312.412559934, 1.000512986,
3312.453430800, 1.000807816,
3312.473866232, 1.000762599,
3312.494301765, 1.000879187,
3312.514737197, 1.000916819,
3312.535172528, 1.000983798,
3312.555608060, 1.000961847,
3312.576043491, 1.000963727,
3312.596478821, 1.000806178,
3312.616914351, 1.000792958,
3312.637349782, 1.000771632,
3312.657785111, 1.000928738,
3312.678220640, 1.000877742,
3312.698656069, 1.000945796,
3312.719091398, 1.000882820,
3312.739526926, 1.000834583,
3312.759962354, 1.000773777,
3312.780397681, 1.000686321,
3312.800833209, 1.000707186,
3312.821268635, 1.000737676,
3312.841704062, 1.000682130,
3312.862139488, 1.000631157,
3312.882574914, 1.000586077,
3312.903010340, 1.000595046,
3312.923445765, 1.000537961,
3312.943881189, 1.000557972,
3312.964316614, 1.000503919,
3312.984752038, 1.000508525,
3313.005187462, 1.000518800,
3313.025622785, 1.000466908,
3313.046058308, 1.000467214,
3313.066493731, 1.000517619,
3313.086929053, 1.000454145,
3313.107364576, 1.000411573,
3313.127799997, 1.000431202,
3313.148235519, 0.999917057,
3313.189106260, 1.000833505,
3313.209541781, 1.000821041,
3313.229977100, 1.000814816,
3313.250412520, 1.000555130,
3313.270848039, 1.000563105,
3313.291283358, 1.000647757,
3313.311718777, 1.000659561,
3313.352589713, 1.000500515,
3313.373025030, 1.000367185,
3313.393460548, 1.000372455,
3313.434331281, 1.000300333,
3313.454766797, 1.000213343,
3313.475202213, 1.000239559,
3313.495637528, 1.000271205,
3313.516073043, 1.000147486,
3313.536508458, 1.000097351,
3313.556943773, 1.000047520,
3313.577379287, 0.999897124,
3313.597814700, 0.999850320,
3313.618250014, 0.999834339,
3313.638685526, 0.999766668,
3313.659120939, 0.999726203,
3313.699991763, 0.999464828,
3313.720427175, 0.999436502,
3313.740862486, 0.999412289,
3313.761297997, 0.999327309,
3313.781733408, 0.999324249,
3313.802168818, 0.999289652,
3313.822604227, 0.999170644,
3313.843039637, 0.999113620,
3313.863474946, 0.999104189,
3313.883910455, 0.999144109,
3313.924781171, 0.999149439,
3313.945216679, 0.999138578,
3313.965652086, 0.999105443,
3313.986087393, 0.999008154,
3314.006522899, 0.998928203,
3314.026958306, 0.998874682,
3314.047393812, 0.998792450,
3314.067829117, 0.998727181,
3314.088264522, 0.998647886,
3314.108700027, 0.998630432,
3314.129135332, 0.998503944,
3314.170006239, 0.998760588,
3314.190441643, 0.998621393,
3314.210876946, 0.998518954,
3314.231312448, 0.998471328,
3314.251747851, 0.998412698,
3314.272183153, 0.998381811,
3314.292618654, 0.998309462,
3314.313054056, 0.998140491,
3314.333489356, 0.998110522,
3314.353924857, 0.998027265,
3314.374360257, 0.998063102,
3314.415231056, 0.998435718,
3314.435666455, 0.998323586,
3314.456101754, 0.998171879,
3314.476537252, 0.998096712,
3314.496972550, 0.998004060,
3314.517408048, 0.997975886,
3314.537843445, 0.997957621,
3314.558278742, 0.997928234,
3314.578714138, 0.997769674,
3314.599149635, 0.997707650,
3314.619585030, 0.997660163,
3314.640020326, 0.997647660,
3314.660455821, 0.997470358,
3314.680891215, 0.997441115,
3314.701326510, 0.997379707,
3314.721762004, 0.997312966,
3314.742197397, 0.997301914,
3314.762632691, 0.997288698,
3314.783068183, 0.997208958,
3314.803503576, 0.997182489,
3314.823938868, 0.997092604,
3314.844374360, 0.997162349,
3314.864809751, 0.997338273,
3314.905680533, 0.997457922,
3314.926115923, 0.997522091,
3314.946551313, 0.997578431,
3314.966986703, 0.997520346,
3314.987422092, 0.997595026,
3315.007857581, 0.997618836,
3315.028292969, 0.997621202,
3315.048728257, 0.997618579,
3315.069163745, 0.997571870,
3315.089599133, 0.997672491,
3315.110034419, 0.997689835,
3315.130469906, 0.997645842,
3315.150905292, 0.997660882,
3315.171340578, 0.997629576,
3315.191776064, 0.997714887,
3315.212211449, 0.997741210,
3315.232646734, 0.997722693,
3315.253082218, 0.997668596,
3315.273517502, 0.997678560,
3315.293952885, 0.997715295,
3315.314388369, 0.997715900,
3315.334823652, 0.997751090,
3315.355259034, 0.997743725,
3315.416565180, 0.997921281,
3315.437000661, 0.997883319,
3315.457436041, 0.997998836,
3315.477871322, 0.997979497,
3315.498306802, 0.998024499,
3315.518742181, 0.998001452,
3315.539177460, 0.998046954,
3315.559612939, 0.998044896,
3315.580048317, 0.998107726,
3315.600483596, 0.998133181,
3315.620919073, 0.998252230,
3315.641354450, 0.998306099,
3315.661789727, 0.998243824,
3315.682225204, 0.998440482,
3315.702660580, 0.998280371,
3315.723095956, 0.998405484,
3315.743531331, 0.998501319,
3315.763966706, 0.998572522,
3315.784402081, 0.998668659,
3315.804837455, 0.998747067,
3315.825272829, 0.998743973,
3315.845708203, 0.998805856,
3315.886578949, 0.998803941,
3315.968320436, 0.998997907,
3315.988755807, 0.999133633,
3316.009191177, 0.999161311,
3316.029626547, 0.999212540,
3316.050062017, 0.999198668,
3316.070497286, 0.999247547,
3316.090932755, 0.999309999,
3316.131803392, 0.999434487,
3316.152238860, 0.999410243,
3316.172674127, 0.999561827,
3316.193109495, 0.999572770,
3316.213544961, 0.999674544,
3316.233980228, 0.999652593,
3316.254415593, 0.999719787,
3316.274851059, 0.999767262,
3316.295286424, 0.999829384,
3316.315721689, 0.999811485,
3316.336157153, 0.999922426,
3316.377027781, 0.999906698,
3316.397463244, 0.999969991,
3316.417898607, 1.000007096,
3316.438333869, 1.000054668,
3316.458769331, 1.000131613,
3316.479204693, 1.000150406,
3316.499639954, 1.000155969,
3316.520075415, 1.000233992,
3316.540510776, 1.000278731,
3316.560946136, 1.000330980,
3316.581381496, 1.000422956,
3316.601816855, 1.000447923,
3316.622252214, 1.000470265,
3316.642687573, 1.000527043,
3316.663122931, 1.000576703,
3316.683558289, 1.000605947,
3316.703993746, 1.000682950,
3316.724429003, 1.000724105,
3316.744864360, 1.000706882,
3316.765299816, 1.000785905,
3316.785735072, 1.000857430,
3316.806170427, 1.000881949,
3316.826605783, 1.000887779,
3316.867476392, 1.000833465,
3316.887911846, 1.000841014,
3316.908347199, 1.000857546,
3316.928782552, 1.000920056,
3316.949217905, 1.000979411,
3316.969653257, 1.000910345,
3316.990088609, 1.000972414,
3317.010523961, 1.001028390,
3317.030959312, 1.001027515,
3317.051394663, 1.001095009,
3317.071830013, 1.001057232,
3317.092265363, 1.001060699,
3317.112700713, 1.001138609,
3317.133136162, 1.001147128,
3317.153571411, 1.001113047,
3317.174006759, 1.001148477,
3317.194442207, 1.001153933,
3317.214877455, 1.001179006,
3317.235312902, 1.001260577,
3317.255748249, 1.001228971,
3317.276183496, 1.001198885,
3317.296618942, 1.001169325,
3317.317054287, 1.001234630,
3317.378360322, 1.001196685,
3317.398795666, 1.001224790,
3317.419231010, 1.001294791,
3317.439666353, 1.001183407,
3317.460101696, 1.001187824,
3317.480537038, 1.001230011,
3317.500972381, 1.001263885,
3317.521407722, 1.001208980,
3317.541843064, 1.001212747,
3317.562278404, 1.001207416,
3317.582713645, 1.001256840,
3317.603149085, 1.001218751,
3317.623584425, 1.001258834,
3317.644019664, 1.001212667,
3317.664455103, 1.001218943,
3317.684890442, 1.001221661,
3317.705325680, 1.001172064,
3317.725761117, 1.001165668,
3317.746196455, 1.001124153,
3317.766631792, 1.001199672,
3317.787067128, 1.001176805,
3317.807502464, 1.001164636,
3317.848373135, 1.001079412,
3317.868808470, 1.000976572,
3317.889243805, 1.001001563,
3317.909679139, 1.001064740,
3317.930114473, 1.001002125,
3317.950549806, 1.001018152,
3317.970985239, 1.000988540,
3317.991420471, 1.001063726,
3318.011855803, 1.000984712,
3318.032291235, 1.000935487,
3318.052726466, 1.000959939,
3318.073161797, 1.000910185,
3318.093597228, 1.000906849,
3318.114032458, 1.000897915,
3318.134467788, 1.000896324,
3318.154903217, 1.000812433,
3318.175338446, 1.000823349,
3318.195773774, 1.000870910,
3318.216209202, 1.000791213,
3318.257079757, 1.000804716,
3318.277515184, 1.000782685,
3318.297950410, 1.000696827,
3318.338821162, 1.000742194,
3318.359256487, 1.000685749,
3318.379691712, 1.000584239,
3318.400127136, 1.000549571,
3318.420562360, 1.000504016,
3318.440997784, 1.000522930,
3318.461433107, 1.000469861,
3318.481868330, 1.000460097,
3318.502303752, 1.000499653,
3318.522739074, 1.000433327,
3318.543174295, 1.000424476,
3318.563609717, 1.000438309,
3318.584045038, 1.000364363,
3318.604480358, 1.000304764,
3318.624915677, 1.000378307,
3318.645350997, 1.000379878,
3318.665786316, 1.000330982,
3318.686221635, 1.000297856,
3318.706656953, 1.000321495,
3318.727092271, 1.000245856,
3318.747527589, 1.000229169,
3318.767962905, 1.000251826,
3318.788398222, 1.000202181,
3318.808833638, 1.000264008,
3318.829268854, 1.000196760,
3318.849704169, 1.000208918,
3318.870139584, 1.000191296,
3318.890574799, 1.000177331,
3318.911010113, 1.000120024,
3318.931445527, 1.000096501,
3318.951880740, 1.000174034,
3318.972316053, 1.000169394,
3318.992751465, 1.001152009,
3319.013186677, 1.000147898,
3319.033621989, 0.994418168,
3319.074492711, 0.999946224,
3319.094927921, 0.999971070,
3319.115363231, 0.999933816,
3319.135798541, 0.999961284,
3319.156233850, 1.000001078,
3319.176669259, 0.999969070,
3319.197104467, 0.999969001,
3319.217539775, 0.999970393,
3319.237975183, 0.999957744,
3319.258410390, 0.999948898,
3319.278845696, 0.999909853,
3319.340151614, 0.999992671,
3319.360587019, 0.999892038,
3319.381022223, 0.999990586,
3319.401457528, 1.000030582,
3319.421892931, 1.000004433,
3319.442328234, 0.999986943,
3319.462763437, 0.999913211,
3319.483198840, 0.999922040,
3319.503634142, 0.999954934,
3319.524069343, 0.999996393,
3319.585375245, 0.999930645,
3319.605810646, 0.999876442,
3319.626245945, 0.999969829,
3319.646681344, 1.000053034,
3319.667116543, 1.000078175,
3319.687551841, 1.000145380,
3319.707987239, 1.000119349,
3319.748857733, 1.000127404,
3319.769293130, 1.000052172,
3319.789728326, 1.000100026,
3319.810163622, 1.000118323,
3319.830598917, 1.000180018,
3319.871469506, 1.000241201,
3319.891904800, 1.000275826,
3319.912340094, 1.000253444,
3319.932775387, 1.000282936,
3319.953210680, 1.000306149,
3319.973645972, 1.000278429,
3319.994081264, 1.000242717,
3320.014516655, 1.000285550,
3320.055387137, 1.000256718,
3320.075822527, 1.000280346,
3320.096257717, 1.000400322,
3320.116693006, 1.000402150,
3320.137128395, 1.000392228,
3320.157563584, 1.000391657,
3320.177998872, 1.000470373,
3320.198434259, 1.000420165,
3320.218869446, 1.000494374,
3320.239304734, 1.000587636,
3320.259740120, 1.000563421,
3320.280175406, 1.000593360,
3320.300610591, 1.000621187,
3320.321045976, 1.000633340,
3320.341481261, 1.000542894,
3320.361916445, 1.000470586,
3320.382351829, 1.000502193,
3320.402787112, 1.000570523,
3320.423222295, 1.000627264,
3320.443657677, 1.000612831,
3320.464092959, 1.000627699,
3320.484528141, 1.000597978,
3320.504963522, 1.000453143,
3320.525398803, 1.000393444,
3320.545833983, 1.000440537,
3320.566269363, 1.000498390,
3320.586704643, 1.000524974,
3320.607139922, 1.000471716,
3320.627575200, 1.000443471,
3320.648010478, 1.000320524,
3320.668445656, 1.000169393,
3320.688881034, 1.001238528,
3320.709316310, 1.001857587,
3320.729751487, 0.998758427,
3320.750186863, 0.990622835,
3320.791057313, 1.000336315,
3320.811492688, 1.000342331,
3320.831927962, 1.000352167,
3320.852363136, 1.000341408,
3320.872798509, 1.000351171,
3320.893233782, 1.000387906,
3320.913668955, 1.000349849,
3320.934104327, 1.000380308,
3320.954539599, 1.000303265,
3320.974974870, 1.000256999,
3320.995410141, 1.000300023,
3321.015845411, 1.000248258,
3321.036280681, 1.000273314,
3321.056715950, 1.000261715,
3321.077151219, 1.000229535,
3321.097586588, 1.000225793,
3321.118021856, 1.000147742,
3321.138457024, 1.000180773,
3321.158892391, 1.000221922,
3321.179327658, 1.000139122,
3321.199762824, 1.000011331,
3321.220198190, 0.999717032,
3321.240633456, 1.000178788,
3321.281503985, 1.000186790,
3321.301939249, 1.000121450,
3321.322374413, 1.000169076,
3321.342809777, 1.000125964,
3321.363245039, 1.000109520,
3321.383680201, 1.000061246,
3321.404115564, 1.000060992,
3321.424550725, 0.999931924,
3321.444986086, 0.999930110,
3321.465421347, 0.999938455,
3321.485856507, 0.999890108,
3321.506291767, 0.999933025,
3321.526727126, 0.999842917,
3321.547162385, 0.999843510,
3321.567597544, 0.999878059,
3321.588032901, 0.999788139,
3321.608468159, 0.999728741,
3321.628903316, 0.999655871,
3321.649338673, 0.999624443,
3321.669773929, 0.999624409,
3321.690209085, 0.999592000,
3321.710644440, 0.999534795,
3321.731079695, 0.999553327,
3321.771950203, 0.999420094,
3321.792385457, 0.999330845,
3321.812820710, 0.999240416,
3321.833255963, 0.999287807,
3321.853691215, 0.999231825,
3321.874126467, 0.999160702,
3321.894561718, 0.999106335,
3321.914996969, 0.999102764,
3321.935432219, 0.999089694,
3321.955867570, 0.999027690,
3321.976302719, 0.999028859,
3321.996737968, 0.999036635,
3322.017173317, 0.998984493,
3322.037608465, 0.998951605,
3322.058043713, 0.998868552,
3322.078479060, 0.998830502,
3322.098914207, 0.998869509,
3322.119349453, 0.998795369,
3322.139784799, 0.998723304,
3322.160219945, 0.998622118,
3322.180655189, 0.998575779,
3322.201090434, 0.998594119,
3322.221525678, 0.998542465,
3322.241960922, 0.998470923,
3322.262396166, 0.998434954,
3322.282831408, 0.998377040,
3322.303266650, 0.998326248,
3322.323701892, 0.998198443,
3322.344137134, 0.998182943,
3322.364572375, 0.998165005,
3322.385007715, 0.998127894,
3322.405442855, 0.998131725,
3322.425878095, 0.998061770,
3322.446313434, 0.997902748,
3322.466748573, 0.997644643,
3322.507619149, 0.997764198,
3322.528054286, 0.997748913,
3322.548489524, 0.997667321,
3322.568924860, 0.997589163,
3322.589359996, 0.997532351,
3322.609795232, 0.997506136,
3322.630230567, 0.997451998,
3322.650665801, 0.997317759,
3322.671101035, 0.997275646,
3322.691536269, 0.997261192,
3322.711971503, 0.997195077,
3322.752841968, 0.997061503,
3322.773277199, 0.996896616,
3322.793712531, 0.996850902,
3322.814147662, 0.996866794,
3322.834582893, 0.996693476,
3322.855018222, 0.996685978,
3322.875453352, 0.996651619,
3322.895888582, 0.996560083,
3322.916323810, 0.996458785,
3322.936759038, 0.996342502,
3322.957194266, 0.996230241,
3322.977629593, 0.996311452,
3322.998064720, 0.996259132,
3323.018499947, 0.996212181,
3323.038935173, 0.996192754,
3323.059370398, 0.996126009,
3323.079805623, 0.996174526,
3323.100240848, 0.996118185,
3323.120676072, 0.996065407,
3323.141111296, 0.996003970,
3323.161546519, 0.995939982,
3323.181981742, 0.995873954,
3323.202416964, 0.995893319,
3323.263722628, 0.995920486,
3323.284157948, 0.995831119,
3323.304593068, 0.995777567,
3323.325028288, 0.995712371,
3323.345463607, 0.995631210,
3323.365898726, 0.995599256,
3323.386333944, 0.995556628,
3323.406769262, 0.995535783,
3323.427204378, 0.995542186,
3323.447639595, 0.995569863,
3323.488510127, 0.995486890,
3323.508945243, 0.995510250,
3323.529380558, 0.995453504,
3323.549815772, 0.995438361,
3323.570250886, 0.995353415,
3323.590686200, 0.995362349,
3323.611121413, 0.995342864,
3323.631556525, 0.995403351,
3323.651991837, 0.995394541,
3323.672427049, 0.995348818,
3323.692862160, 0.995358807,
3323.733732681, 0.995389071,
3323.754167791, 0.995479705,
3323.774603100, 0.995598067,
3323.795038209, 0.995662369,
3323.815473417, 0.995643519,
3323.835908725, 0.995597114,
3323.856343832, 0.995620687,
3323.876779039, 0.995600583,
3323.897214346, 0.995608623,
3323.917649552, 0.995717709,
3323.938084658, 0.995776857,
3323.958519963, 0.995757729,
3323.978955167, 0.995795174,
3323.999390272, 0.995818800,
3324.019825575, 0.995883753,
3324.040260778, 0.995939102,
3324.060695881, 0.995999694,
3324.081131183, 0.996027150,
3324.101566385, 0.996037469,
3324.122001487, 0.996080053,
3324.142436788, 0.995928498,
3324.162871988, 0.996162299,
3324.183307088, 0.996613475,
3324.224177586, 0.996122208,
3324.244612785, 0.996210877,
3324.265047983, 0.996322935,
3324.285483180, 0.996342689,
3324.305918377, 0.996462646,
3324.326353674, 0.996488170,
3324.346788770, 0.996641176,
3324.367223966, 0.996701399,
3324.387659261, 0.996740540,
3324.408094356, 0.996832604,
3324.428529550, 0.996988782,
3324.448964844, 0.997056457,
3324.469399937, 0.997185507,
3324.489835230, 0.997210925,
3324.510270322, 0.997322857,
3324.530705514, 0.997462259,
3324.551140805, 0.997530929,
3324.571575897, 0.997199607,
3324.592011087, 0.997011333,
3324.612446377, 0.997076018,
3324.632881466, 0.998983053,
3324.653316656, 1.000020397,
3324.673751944, 0.993952800,
3324.714622220, 0.997864652,
3324.735057507, 0.997989536,
3324.755492693, 0.998027552,
3324.775927780, 0.998082640,
3324.796363065, 0.998302662,
3324.816798251, 0.998367530,
3324.837233335, 0.998435177,
3324.857668619, 0.998527406,
3324.878103804, 0.998627535,
3324.898538887, 0.998704597,
3324.918974170, 0.998816340,
3324.959844434, 0.998208797,
3324.980279715, 0.998282282,
3325.000714896, 0.998352884,
3325.021149976, 0.998383162,
3325.041585256, 0.998522998,
3325.062020436, 0.998595855,
3325.082455615, 0.998943770,
3325.102890793, 0.999282505,
3325.123325971, 0.999224027,
3325.143761149, 0.999163172,
3325.164196426, 0.999298526,
3325.205066679, 0.999458213,
3325.225501954, 0.999453623,
3325.245937029, 0.999550253,
3325.266372204, 0.999541794,
3325.286807378, 0.999233440,
3325.307242552, 0.999240731,
3325.327677725, 0.999353126,
3325.348112898, 0.999424664,
3325.368548070, 0.999438964,
3325.388983142, 0.999462208,
3325.409418413, 0.999624858,
3325.429853584, 0.999982338,
3325.450288754, 0.999991216,
3325.470723924, 1.000066352,
3325.491159093, 1.000162282,
3325.511594262, 1.000220028,
3325.532029430, 1.000224411,
3325.552464598, 1.000220934,
3325.572899766, 1.000233385,
3325.593335033, 1.000236177,
3325.613770099, 1.000272689,
3325.634205265, 1.000311982,
3325.654640530, 1.000333548,
3325.675075595, 1.000385049,
3325.695510760, 1.000468711,
3325.715946024, 1.000501390,
3325.736381087, 1.000501981,
3325.756816250, 1.000480432,
3325.777251513, 1.000478350,
3325.797686575, 1.000489824,
3325.818121737, 1.000543239,
3325.838556997, 1.000603395,
3325.858992058, 1.000636564,
3325.879427218, 1.000488196,
3325.899862478, 1.000302025,
3325.940732695, 1.000376488,
3325.961167954, 1.000396433,
3325.981603111, 1.000311561,
3326.002038168, 1.000300695,
3326.022473425, 1.000290425,
3326.042908581, 1.000379266,
3326.063343637, 1.000375192,
3326.083778892, 1.000327703,
3326.104213947, 1.000431333,
3326.124649101, 1.000451243,
3326.145084355, 1.000429913,
3326.165519408, 1.000399863,
3326.185954561, 1.000407324,
3326.206389813, 1.000412407,
3326.226824865, 1.000393346,
3326.247260016, 1.000480112,
3326.267695266, 1.000480239,
3326.288130417, 1.000538242,
3326.308565566, 1.000512963,
3326.329000716, 1.000504875,
3326.349435864, 1.000535896,
3326.369871013, 1.000528174,
3326.390306161, 1.000478840,
3326.410741308, 1.000570356,
3326.431176555, 1.000560799,
3326.451611601, 1.000607341,
3326.472046747, 1.000599434,
3326.492481992, 1.000635955,
3326.512917037, 1.000706222,
3326.533352182, 1.000698471,
3326.553787425, 1.000669951,
3326.574222468, 1.000672692,
3326.594657611, 1.000628309,
3326.615092854, 1.000709338,
3326.635527896, 1.000574984,
3326.676398278, 1.000209243,
3326.696833318, 1.000369665,
3326.717268458, 1.000523321,
3326.737703697, 1.000521589,
3326.758138836, 1.000452533,
3326.778573875, 1.000360811,
3326.799009112, 1.000333107,
3326.819444250, 1.000275884,
3326.839879287, 1.000277762,
3326.860314523, 1.000349560,
3326.880749559, 1.000364447,
3326.901184694, 1.000375461,
3326.921619929, 1.000311951,
3326.942054964, 1.000327025,
3326.962490098, 1.000351065,
3326.982925331, 1.000291449,
3327.003360364, 1.000283041,
3327.023795496, 1.000243049,
3327.044230728, 1.000264838,
3327.064665760, 1.000243284,
3327.105536121, 1.000172335,
3327.125971250, 1.000169952,
3327.166841509, 1.000218646,
3327.187276637, 1.000195866,
3327.207711665, 1.000176356,
3327.228146892, 1.000172095,
3327.248582019, 1.000189698,
3327.269017046, 1.000169436,
3327.289452271, 1.000148358,
3327.309887397, 1.000146657,
3327.330322422, 1.000111866,
3327.350757646, 1.000139503,
3327.371192770, 1.000128943,
3327.412063016, 0.999937021,
3327.432498138, 0.999938248,
3327.452933260, 0.999922755,
3327.473368382, 0.999900653,
3327.493803502, 0.999932654,
3327.514238623, 0.999928639,
3327.534673742, 0.999945526,
3327.555108862, 0.999929593,
3327.575543980, 0.999941285,
3327.595979099, 0.999851872,
3327.616414217, 0.999904465,
3327.636849334, 0.999823268,
3327.657284451, 0.999844426,
3327.677719567, 0.999820452,
3327.698154683, 0.999819041,
3327.718589798, 0.999823822,
3327.739024913, 0.999818798,
3327.759459927, 0.999866609,
3327.779895140, 0.999805305,
3327.800330254, 0.999821786,
3327.820765366, 0.999796042,
3327.841200479, 0.999837486,
3327.861635590, 0.999766981,
3327.882070701, 0.999799386,
3327.902505812, 0.999829547,
3327.922940923, 0.999818574,
3327.943376032, 0.999807485,
3327.963811241, 0.999788325,
3327.984246250, 0.999796894,
3328.004681358, 0.999828688,
3328.025116565, 0.999859510,
3328.045551573, 0.999877898,
3328.086421885, 0.999896607,
3328.106856891, 0.999864661,
3328.147727201, 0.999686244,
3328.168162205, 0.999666831,
3328.188597308, 0.999746987,
3328.209032511, 0.999727719,
3328.229467514, 0.999659710,
3328.249902615, 0.999612332,
3328.270337817, 0.999644752,
3328.290772918, 0.999632746,
3328.311207918, 0.999608588,
3328.331643118, 0.999637076,
3328.352078218, 0.999636943,
3328.372513217, 0.999658542,
3328.392948415, 0.999683964,
3328.413383513, 0.999594471,
3328.433818510, 0.999658234,
3328.454253707, 0.999611757,
3328.474688704, 0.999659972,
3328.495123799, 0.999631635,
3328.515558995, 0.999683316,
3328.535993989, 0.999680675,
3328.556429184, 0.999651083,
3328.576864277, 0.999667065,
3328.597299271, 0.999702388,
3328.617734463, 0.999676022,
3328.638169556, 0.999694614,
3328.658604647, 0.999702266,
3328.679039738, 0.999710974,
3328.699474829, 0.999687942,
3328.719909919, 0.999621028,
3328.740345009, 0.999666825,
3328.760780098, 0.999652241,
3328.781215187, 0.999657981,
3328.801650375, 0.999550020,
3328.842520449, 0.999503542,
3333.072572411, 0.999444896,
3333.093007386, 0.999545760,
3333.113442260, 0.999540331,
3333.133877334, 0.999569299,
3333.154312207, 0.999637144,
3333.195182252, 0.999704681,
3333.215617124, 0.999728144,
3333.236052095, 0.999798765,
3333.256487165, 0.999788036,
3333.276922035, 0.999947962,
3333.297357005, 0.999989607,
3333.317792074, 0.999984996,
3333.338226942, 0.999998374,
3333.358661909, 1.000133626,
3333.379096977, 1.000097111,
3333.399531943, 1.000136977,
3333.419966809, 1.000130809,
3333.440401874, 1.000205147,
3333.460836839, 1.000242198,
3333.481271704, 1.000241245,
3333.501706768, 1.000249517,
3333.522141731, 1.000264846,
3333.542576594, 1.000290624,
3333.563011656, 1.000276105,
3333.583446617, 1.000273080,
3333.603881478, 1.000311456,
3333.624316539, 1.000321990,
3333.644751498, 1.000375698,
3333.665186358, 1.000425830,
3333.685621416, 1.000379223,
3333.706056374, 1.000410481,
3333.746926289, 1.000432422,
3333.787796202, 1.000548035,
3333.808231257, 1.000597065,
3333.828666111, 1.000570129,
3333.849101065, 1.000537452,
3333.869536119, 1.000546049,
3333.889970972, 1.000518625,
3333.910405925, 1.000636179,
3333.930840877, 1.000689791,
3333.951275828, 1.000731914,
3333.971710779, 1.000690557,
3333.992145729, 1.000655241,
3334.033015528, 1.000727542,
3334.053450577, 1.000716276,
3334.073885524, 1.000778638,
3334.094320572, 1.000746491,
3334.114755418, 1.000705470,
3334.135190365, 1.000739492,
3334.155625410, 1.000782220,
3334.176060256, 1.000792000,
3334.196495200, 1.000801170,
3334.216930244, 1.000872137,
3334.237365187, 1.000839430,
3334.257800030, 1.000854405,
3334.278235073, 1.000778639,
3334.298670014, 1.000780633,
3334.319104856, 1.000772155,
3334.339539896, 1.000818803,
3334.359974836, 1.000733694,
3334.380409676, 1.000720460,
3334.400844714, 1.000726959,
3334.421279653, 1.000727957,
3334.441714491, 1.000622015,
3334.462149527, 1.000609435,
3334.482584464, 1.000596667,
3334.503019300, 1.000547130,
3334.523454336, 1.000519980,
3334.543889270, 1.000466596,
3334.564324205, 1.000505343,
3334.584759139, 1.000497484,
3334.605194072, 1.000447374,
3334.625629004, 1.000352932,
3334.646063936, 1.000388707,
3334.666498868, 1.000446104,
3334.686933799, 1.000448813,
3334.707368729, 1.000422806,
3334.727803658, 1.000419218,
3334.768673516, 1.000548434,
3334.789108445, 1.000604736,
3334.809543272, 1.000599538,
3334.829978299, 1.000576790,
3334.850413225, 1.000544739,
3334.870848051, 1.000493603,
3334.891283076, 1.000536127,
3334.911718000, 1.000484510,
3334.932152924, 1.000461252,
3334.952587848, 1.000508484,
3334.973022771, 1.000431776,
3335.013892615, 1.000552362,
3335.034327536, 1.000522942,
3335.054762456, 1.000582150,
3335.075197476, 1.000589625,
3335.095632296, 1.000631805,
3335.116067214, 1.000590766,
3335.136502233, 1.000585966,
3335.156937050, 1.000551693,
3335.177371967, 1.000530975,
3335.197806984, 1.000576742,
3335.218241800, 1.000623554,
3335.238676715, 1.000640599,
3335.259111730, 1.000573229,
3335.279546544, 1.000600843,
3335.299981458, 1.000627632,
3335.320416471, 1.000645484,
3335.340851283, 1.000664978,
3335.361286195, 1.000649379,
3335.381721207, 1.000638900,
3335.402156117, 1.000629557,
3335.422590927, 1.000634532,
3335.443025937, 1.000699095,
3335.463460846, 1.000623055,
3335.483895654, 1.000669451,
3335.504330662, 1.000615114,
3335.524765469, 1.000615385,
3335.545200376, 1.000642481,
3335.565635382, 1.000603119,
3335.586070187, 1.000627001,
3335.606505093, 1.000708414,
3335.626940097, 1.000740885,
3335.647374901, 1.000748296,
3335.667809804, 1.000725094,
3335.688244807, 1.000702417,
3335.708679609, 1.000662640,
3335.749549511, 1.001000902,
3335.769984411, 1.001027275,
3335.790419211, 1.000958052,
3335.810854210, 1.000950629,
3335.831289108, 1.000994357,
3335.851723906, 1.000933942,
3335.872158904, 1.000904203,
3335.892593800, 1.000845023,
3335.913028597, 1.000779153,
3335.933463592, 1.000782516,
3335.953898487, 1.000749473,
3335.974333282, 1.000737890,
3336.015203169, 1.000789251,
3336.035637962, 1.000708562,
3336.056072954, 1.000791650,
3336.076507845, 1.000766755,
3336.096942737, 1.000742614,
3336.117377627, 1.000748590,
3336.137812516, 1.000664690,
3336.158247406, 1.000726860,
3336.178682294, 1.000902847,
3336.199117182, 1.000999669,
3336.239986957, 1.000875641,
3336.260421843, 1.000927466,
3336.280856729, 1.000843802,
3336.301291613, 1.000810609,
3336.321726498, 1.000740637,
3336.342161382, 1.000685079,
3336.362596265, 1.000615197,
3336.383031148, 1.000549736,
3336.403465930, 1.000516325,
3336.423900912, 1.000392813,
3336.444335793, 1.000343978,
3336.464770673, 1.000340206,
3336.485205553, 1.000303285,
3336.505640433, 1.000323685,
3336.526075311, 1.000191000,
3336.546510189, 1.000215253,
3336.566945066, 1.000185643,
3336.587379943, 1.000219641,
3336.607814920, 1.000139325,
3336.628249696, 1.000167979,
3336.648684571, 1.000223049,
3336.669119545, 1.000358367,
3336.689554319, 1.000489131,
3336.730424165, 1.000279303,
3336.750858937, 1.000349067,
3336.771293809, 1.000406859,
3336.791728780, 1.000368077,
3336.812163550, 1.000356441,
3336.832598520, 1.000295722,
3336.853033389, 1.000268357,
3336.873468158, 1.000211287,
3336.893903126, 1.000153700,
3336.914337993, 1.000103513,
3336.934772860, 1.000085482,
3336.975642592, 1.000175302,
3336.996077457, 1.000145451,
3337.016512322, 1.000110460,
3337.036947185, 1.000154842,
3337.057382049, 1.000162682,
3337.077816912, 1.000235111,
3337.098251773, 1.000297712,
3337.118686535, 1.000353204,
3337.139121496, 1.000393069,
3337.159556356, 1.000262424,
3337.179991116, 1.000250401,
3337.200426075, 1.000320902,
3337.220860934, 1.000169474,
3337.241295692, 1.000208927,
3337.261730649, 1.000168853,
3337.282165506, 1.000130158,
3337.302600362, 1.000091140,
3337.323035218, 1.000083709,
3337.343470073, 0.999998070,
3337.363904927, 1.000026138,
3337.384339781, 1.000133719,
3337.404774634, 1.000177414,
3337.425209487, 1.000080580,
3337.466079190, 1.000225602,
3337.486514041, 1.000212764,
3337.506948991, 1.000225686,
3337.527383741, 1.000302482,
3337.547818590, 1.000092950,
3337.568253538, 1.000095201,
3337.588688286, 1.000115823,
3337.609123133, 1.000116288,
3337.629558080, 1.000137484,
3337.649992826, 1.000062589,
3337.670427671, 1.000123121,
3337.690862616, 1.000148026,
3337.711297361, 1.000083954,
3337.731732204, 1.000077110,
3337.752167147, 1.000011716,
3337.772601990, 1.000050818,
3337.793036732, 1.000057959,
3337.813471673, 1.000001552,
3337.833906414, 1.000142833,
3337.854341254, 1.000130563,
3337.874776193, 1.000086712,
3337.895210932, 1.000107491,
3337.915645770, 1.000126575,
3337.956515445, 1.000047949,
3337.976950281, 1.000073374,
3337.997385217, 1.000159168,
3338.017819953, 1.000135573,
3338.038254787, 1.000059217,
3338.058689721, 1.000146104,
3338.079124455, 1.000137113,
3338.099559288, 1.000119614,
3338.119994220, 1.000099219,
3338.140429052, 1.000159887,
3338.160863782, 1.000128630,
3338.181298713, 1.000022945,
3338.201733543, 1.000150948,
3338.222168272, 1.000262497,
3338.242603201, 1.000156548,
3338.263038029, 1.000174367,
3338.283472756, 1.000190411,
3338.303907683, 1.000164640,
3338.324342509, 1.000184846,
3338.344777235, 1.000130932,
3338.365212160, 1.000246562,
3338.385646985, 1.000358481,
3338.406081808, 1.000221683,
3338.446951454, 1.000152949,
3338.467386276, 1.000153372,
3338.487821098, 1.000194146,
3338.508255918, 1.000079416,
3338.528690739, 1.000172257,
3338.549125558, 1.000278554,
3338.569560378, 1.000167938,
3338.589995196, 1.000218732,
3338.610430013, 1.000221774,
3338.630864831, 1.000295778,
3338.651299647, 1.000246132,
3338.692169279, 1.000259670,
3338.712603994, 1.000212942,
3338.733038908, 1.000268521,
3338.753473721, 1.000265743,
3338.773908434, 1.000231149,
3338.794343347, 1.000252348,
3338.814778158, 1.000267408,
3338.835212969, 1.000219564,
3338.855647780, 1.000397861,
3338.876082590, 1.000344639,
3338.896517399, 1.000315852,
3338.937387016, 1.000299151,
3338.957821824, 1.000283239,
3338.978256730, 1.000314492,
3338.998691437, 1.000356738,
3339.019126242, 1.000309754,
3339.039561147, 1.000291807,
3339.059995852, 1.000429846,
3339.080430655, 1.000390335,
3339.100865559, 1.000399644,
3339.121300261, 1.000394291,
3339.141735063, 1.000413464,
3339.182604666, 1.000451961,
3339.203039466, 1.000477325,
3339.223474365, 1.000414721,
3339.243909164, 1.000415351,
3339.264343863, 1.000436209,
3339.284778760, 1.000469944,
3339.305213558, 1.000369356,
3339.325648254, 1.000450853,
3339.346083150, 1.000511715,
3339.366517945, 1.000486951,
3339.386952640, 1.000384755,
3339.427822328, 1.000485194,
3339.448257021, 1.000365288,
3339.468691913, 1.000369227,
3339.489126604, 1.000384900,
3339.509561395, 1.000382636,
3339.529996286, 1.000358785,
3339.550430975, 1.000332133,
3339.570865865, 1.000372963,
3339.591300654, 1.000216102,
3339.611735341, 1.000281716,
3339.632170228, 1.000351355,
3339.673039801, 1.000249834,
3339.693474587, 1.000292949,
3339.713909372, 1.000268672,
3339.734344156, 1.000228730,
3339.754778940, 1.000239078,
3339.775213723, 1.000237238,
3339.795648506, 1.000144094,
3339.816083387, 1.000139516,
3339.836518068, 1.000150382,
3339.856952849, 1.000079048,
3339.877387729, 1.000097617,
3339.918257187, 1.000135867,
3339.938692065, 1.000093914,
3339.959126743, 1.000084603,
3339.979561520, 1.000000012,
3339.999996396, 1.000018070,
3340.020431072, 1.000020110,
3340.040865847, 0.999931676,
3340.061300721, 0.999884685,
3340.081735495, 0.999912162,
3340.102170168, 0.999774907,
3340.122605041, 0.999791774,
3340.143039813, 0.999841091,
3340.163474484, 0.999705594,
3340.183909355, 0.999723620,
3340.204344025, 0.999726654,
3340.224778794, 0.999661797,
3340.245213664, 0.999693226,
3340.265648332, 0.999723284,
3340.286083099, 0.999758084,
3340.326952633, 0.999722459,
3340.347387399, 0.999719622,
3340.367822264, 0.999579218,
3340.408691692, 0.999669274,
3340.429126556, 0.999540117,
3340.449561219, 0.999496774,
3340.469995981, 0.999479012,
3340.490430842, 0.999456982,
3340.510865603, 0.999515657,
3340.531300263, 0.999414810,
3340.551735123, 0.999408490,
3340.572169882, 0.999443991,
3340.592604540, 0.999335842,
3340.613039398, 0.999367375,
3340.653908812, 0.999370412,
3340.674343668, 0.999352985,
3340.694778423, 0.999302017,
3340.715213077, 0.999303339,
3340.735647932, 0.999347611,
3340.756082685, 0.999278179,
3340.776517438, 0.999270255,
3340.796952190, 0.999307379,
3340.817386941, 0.999245669,
3340.837821692, 0.999297205,
3340.858256443, 0.999323318,
3340.899125942, 0.998928842,
3340.919560690, 0.998737863,
3340.939995438, 0.998701582,
3340.960430185, 0.998665036,
3340.980864932, 0.998667652,
3341.001299678, 0.998667790,
3341.021734423, 0.998820760,
3341.042169168, 0.999185066,
3341.062603911, 0.999074815,
3341.083038555, 0.999196043,
3341.103473398, 0.999092351,
3341.144342782, 0.999230218,
3341.164777623, 0.999289265,
3341.185212363, 0.999198571,
3341.205647103, 0.999128067,
3341.226081842, 0.999102536,
3341.246516580, 0.999148036,
3341.266951318, 0.999107190,
3341.287386055, 0.999100326,
3341.307820792, 0.999236453,
3341.328255528, 0.999207404,
3341.348690363, 0.999110726,
3341.389559732, 0.999195354,
3341.409994565, 0.999304174,
3341.430429198, 0.999446309,
3341.450863931, 0.999313952,
3341.471298762, 0.999283326,
3341.491733393, 0.999333801,
3341.512168123, 0.999354553,
3341.532602953, 0.999352933,
3341.553037582, 0.999493118,
3341.573472311, 0.999399244,
3341.593907138, 0.999456493,
3341.634776492, 0.999565540,
3341.655211318, 0.999741368,
3341.675646043, 0.999626719,
3341.696080668, 0.999660536,
3341.716515492, 0.999645472,
3341.736950216, 0.999672650,
3341.757384838, 0.999717200,
3341.798254282, 0.999794893,
3341.818689003, 0.999811567,
3341.839123823, 0.999821627,
3341.879993162, 0.999979956,
3341.900427980, 0.999989312,
3341.920862598, 0.999955630,
3341.941297315, 1.000007201,
3341.961732132, 1.000155632,
3341.982166748, 1.000098993,
3342.002601563, 1.000136813,
