2457793.93306500 11.04271949 8.18690280 r1
2457795.96709300 60.05002449 6.84716690 r1
2457805.90599600 -40.54847051 5.99486760 r1
2457806.93163200 31.38411049 5.95869140 r1
2457810.01973900 -37.03581051 8.88807500 r1
2457823.80676200 -20.19126351 7.11503710 r1
2457825.95267900 24.71235049 7.93559130 r1
2457826.97445500 33.21472349 7.89795450 r1
2457827.90244400 17.74455649 8.07394870 r1
2457834.86288100 13.52217249 6.94404390 r1
2457839.85228300 76.26426149 12.56388700 r1
2457843.81324400 26.53323549 10.59248200 r1
2457846.87512500 7.29108109 6.81723740 r1
2457849.82177200 -58.86828051 6.72641970 r1
2457858.78447000 -6.52253921 6.86973700 r1
2457859.86612300 -47.91841751 6.35880050 r1
2457861.74166400 0.14583019 8.26935680 r1
2457862.77316100 28.64757949 7.34159460 r1
2457865.79978800 -50.82647651 7.18758230 r1
2457873.78173200 0.02124759 8.65986980 r1
2457879.70302400 -32.82207551 12.51616500 r1
2457880.73575600 70.34327349 12.04079100 r1
2457884.75230700 48.47730149 7.47974150 r1
2457885.71793100 -38.12086851 7.21688040 r1
2457886.71788000 15.30357449 6.72813740 r1
2457887.71978400 61.66022949 7.52073240 r1
2457888.69716300 -7.06922511 9.06057420 r1
2457889.70714100 -16.41132551 7.99170950 r1
2457890.70562200 17.69446449 9.10477560 r1
2457891.70996700 -17.95123551 7.26863010 r1
2457892.70773300 3.72607659 8.03257550 r1
2457893.67143400 67.50586149 7.01097700 r1
2457894.67150900 -36.11300951 8.16899960 r1
2457895.71104400 -38.22900251 6.60535010 r1
2457896.70926000 -11.31915551 5.40068180 r1
2457897.71914000 -15.13390751 8.60543550 r1
2457898.71603500 -21.94178051 7.44589900 r1
2457899.67178300 37.69359649 7.03800190 r1
2457900.71127900 -96.40105451 7.63990940 r1
2457901.71248500 -70.42735051 7.52215920 r1
2457902.71148000 2.56525837 7.18961820 r1
2457906.69512200 -68.48606951 7.71583780 r1
2457908.70341600 7.45300679 7.34212220 r1
2457909.70602500 -30.36109651 7.40888390 r1
2457910.70614900 -10.81828851 9.74015170 r1
2457911.66366500 12.44748549 10.46671600 r1
2457915.65327400 -28.86476551 7.79714710 r1
2457918.66270100 -88.59590151 9.43316600 r1
2457919.65792500 -28.41045551 7.33773950 r1
2457920.65433900 11.79262759 7.24323830 r1
2457921.66640400 -36.51513951 7.94643360 r1
2457922.67376900 55.55702949 11.29853300 r1
2457923.66383200 49.54152049 7.86300830 r1
2457925.66899200 -18.82715551 8.80640740 r1
2457927.67041100 -3.55545401 9.55477870 r1
2457928.66506500 48.87635549 8.33741280 r1
2457930.69660600 -42.27947851 8.29905100 r1
2457931.66415400 2.19654949 9.01077070 r1
2457932.66373400 27.45435649 7.51878540 r1
2457933.67128200 43.88133949 9.07091280 r1
2457934.67921100 58.11224949 7.12444280 r1
2457936.69824900 -18.31976151 9.27414290 r1
2457937.65133300 5.78036909 7.71087160 r1
2457938.67078300 22.31280949 8.68596090 r1
2457940.66747500 32.09437149 10.31268200 r1
2457943.66930400 5.84121579 8.79732690 r1
2458119.05667900 9.08624533 14.95141000 r2
2458124.00476100 -10.34977187 10.63997800 r2
2458131.99704700 -29.52098367 10.95144100 r2
2458133.03752800 -11.26416667 11.11522600 r2
2458133.96817700 50.21348633 10.79733400 r2
2458136.03491900 -8.65817067 11.31363400 r2
2458137.05992800 -18.11051867 11.26140500 r2
2458139.01408800 -14.53555267 16.39161500 r2
2458141.01283100 -24.82392567 14.21526400 r2
2458141.99330500 45.49876833 16.86531000 r2
2458142.97036200 -26.70860067 17.55481600 r2
2458144.97196600 -12.48775867 19.36831400 r2
2458145.96530700 52.60744833 15.48946600 r2
2458146.96726700 -22.55238067 14.43976000 r2
2458150.99556200 -23.87598867 9.37880610 r2
2458151.95716800 22.19359533 18.75968700 r2
2458153.95526400 23.69344733 11.83677200 r2
2458154.95376600 -21.33086967 12.21001700 r2
2458156.96181100 -8.65584757 11.79902500 r2
2458157.98647000 21.85233733 10.43165100 r2
2458159.01599000 -27.54683667 9.38910030 r2
2458159.93293400 23.23253833 13.90701600 r2
2458168.00824800 -13.07670067 10.74254600 r2
2458171.94767600 56.10950333 17.57978100 r2
2458173.95797300 -32.73462967 19.25631600 r2
2458174.89388300 -6.96624347 15.72026400 r2
2458175.87952200 0.28936233 15.01467400 r2
2458176.94358500 -21.32120267 15.27701300 r2
2458179.91658200 3.32860703 14.42833000 r2
2458180.92310000 7.33850383 13.49244400 r2
2458181.95021700 26.88874133 13.02411100 r2
2458182.93006200 -34.41224567 14.10719100 r2
2458184.97493600 13.53773833 12.07191300 r2
2458194.89778900 1.36056243 14.42496100 r2
2458195.91750900 13.41082033 14.47210100 r2
2458197.91363200 -1.37228217 18.80470700 r2
2458198.90101800 -20.57837367 12.39771100 r2
2458201.96383100 -7.84707607 16.72268400 r2
2458205.80325100 50.79857933 15.86724700 r2
2458206.84087000 4.88904513 11.67856400 r2
2458207.86533200 1.05151153 11.81788900 r2
2458208.88009600 18.40622033 18.51744800 r2
2458210.88271600 -4.46843527 10.64652300 r2
2458211.86227700 39.00050133 11.83582700 r2
2458212.89029800 8.45948343 11.48459300 r2
2458213.85924600 -1.68131105 10.72888400 r2
2458214.87966800 -36.21694467 18.50296500 r2
2458217.85080600 32.30434933 15.70084900 r2
2458218.85942200 46.05458233 14.50586800 r2
2458219.81712700 2.89990463 11.46501700 r2
2458220.85997000 -13.38989467 14.35448300 r2
2458221.85537900 -21.12457567 12.66726300 r2
2458223.81579800 33.58124733 12.32044300 r2
2458224.83756300 23.88315333 12.07909300 r2
2458226.81546400 -18.31834567 14.92448400 r2
2458227.79635800 -47.36625067 15.09180700 r2
2458228.78153000 -38.37453467 13.22420700 r2
2458229.79935300 16.95467533 12.25908500 r2
2458230.79624400 26.40887533 13.84984100 r2
2458231.79193400 -3.27886387 13.03957300 r2
2458232.73968000 -40.68514167 7.63865620 r2
2458233.73192400 -52.84070167 16.37801700 r2
2458234.75978700 -33.37761567 10.68343200 r2
2458236.85859800 6.06011683 13.43423100 r2
2458237.78734800 -6.17662687 12.14014800 r2
2458238.86143600 19.78362833 19.73026900 r2
2458241.77359200 18.93692833 15.42188600 r2
2458242.86419700 15.39535933 12.59639200 r2
2458243.80578300 -0.50623465 14.91086500 r2
2458244.85054900 -16.68796467 13.13667800 r2
2458246.81222200 -15.31996267 13.39448600 r2
2458247.80879600 24.62045633 13.11585100 r2
2458249.80462300 -11.58679267 14.51511900 r2
2458262.74720600 -42.01643468 13.58195500 r3
2458263.75325000 -38.28017668 11.57779000 r3
2458267.77417700 -14.05933168 12.14951200 r3
2458271.76933600 38.48043532 16.25756700 r3
2458273.73075100 -52.00930868 12.73238300 r3
2458276.72281800 -66.10181568 15.16849800 r3
2458278.80197300 3.82952762 15.01810200 r3
2458279.76336700 -20.39553868 14.17410900 r3
2458280.74618900 24.92923032 14.69439800 r3
2458281.71120600 -14.36128668 13.62602700 r3
2458283.70405500 26.72460232 12.40603800 r3
2458288.73300300 2.56229932 14.86010600 r3
2458289.68283300 0.36174592 12.41387700 r3
2458290.67744200 3.14961987 13.36712500 r3
2458291.67999900 15.71477632 13.02553400 r3
2458292.72479400 22.34099432 14.02706300 r3
2458293.71015400 0.48267302 15.36006000 r3
2458295.72242100 37.12332732 14.13776300 r3
2458296.69518000 10.34475802 13.15713100 r3
2458297.70129400 32.60429732 17.91734600 r3
2458298.71910900 -0.75591928 14.63469000 r3
2458300.71545300 14.62832732 13.50992100 r3
2458302.68407400 -13.09869368 13.55718800 r3
2458304.69266200 27.80189132 13.52024500 r3
