2.458438854350000154e+06 -7.336872952929417435e-01 2.386717237395686197e+00
2.458438789880000055e+06 -4.488563559748905085e+00 3.409634962970675254e+00
2.458438779269999824e+06 2.840840438610647833e+00 1.886116397308573500e+00
2.458439868970000185e+06 1.140678853502517187e+00 2.370393335029787441e+00
2.458439878659999929e+06 -5.380097848163748253e+00 1.372594732031260811e+00
2.458440799130000174e+06 6.348160217519874138e+00 2.401182979994972655e+00
2.458440822269999888e+06 -7.303546659531414686e-01 1.511092097830154302e+00
2.458440789100000169e+06 -6.749299579615946065e+00 2.582605015735773168e+00
2.458441868780000135e+06 2.265101373949847563e+00 2.025475375787176624e+00
2.458441768780000042e+06 2.786265734549523199e+00 1.575194878412043753e+00
2.458443716399999801e+06 2.491911910138862041e+00 1.521523393824689041e+00
2.458443821620000061e+06 2.653712072975392022e+00 1.684036121768575311e+00
2.458446917559999973e+06 -7.601623645940038809e-01 1.693395197247559825e+00
2.458447773169999942e+06 -3.122866342918932059e+00 1.191119764891536814e+00
2.458447867990000173e+06 -5.404556556802162515e-01 1.436859058429169167e+00
2.458448862370000221e+06 1.586228060953339458e+00 9.790902932891186738e-01
2.458448752770000137e+06 -5.006333875883695939e+00 2.522131644209406609e+00
2.458449901930000167e+06 4.099893362843397782e+00 1.047449325171008638e+00
2.458449730599999893e+06 -7.443863079059712895e+00 1.139550016752163941e+00
2.458449818700000178e+06 1.440116651192631991e+00 1.821176357268238455e+00
2.458450888739999849e+06 4.411851363604031295e-01 3.260598875502711991e+00
2.458450777040000074e+06 -4.424845260388702073e+00 1.218399555338950835e+00
2.458451898550000042e+06 -5.006378697940182754e+00 2.631969775899188235e+00
2.458455708209999837e+06 -2.300681655349450239e+00 2.660935837589044173e+00
2.458456692360000219e+06 5.124314342524456833e+00 2.059626426722728443e+00
2.458456848989999853e+06 2.315106181065764712e+00 1.236808663672879671e+00
2.458456770140000153e+06 7.186107906043182503e+00 1.362109279765712833e+00
2.458457868840000127e+06 -3.365667158950659932e+00 1.365233931791640209e+00
2.458457735359999817e+06 -2.826294861785830559e+00 1.052152166313205184e+00
2.458461697600000072e+06 3.635988928073371707e+00 1.695722846047718724e+00
2.458461779159999918e+06 1.561318874401969925e+00 2.127996958782572889e+00
2.458461867560000159e+06 -3.274944138148838668e-01 -2.408815577198025082e+00
2.458462692249999847e+06 8.716522127562399191e+00 7.954838563652173455e-01
2.458462786439999938e+06 2.345555614521554144e+00 3.021034611211260046e+00
2.458464684030000120e+06 -4.563483011646312093e+00 2.308164986948574082e+00
