2.458439839199999813e+06 -6.932843871399013480e+00 2.246181246266197640e+00
2.458439903599999845e+06 -2.071589464302398653e+00 1.502745603848700373e+00
2.458439890449999832e+06 5.500166045740241927e+00 1.417482706439804563e+00
2.458440849810000043e+06 2.338439633809420215e+00 3.264632964727522513e+00
2.458440834139999934e+06 -3.640092927783262322e+00 2.041790904421408648e+00
2.458440892250000034e+06 4.722393686973101745e-02 2.714046224615656921e+00
2.458441781429999974e+06 -2.647255282947610588e+00 2.321119729867509029e+00
2.458447681520000100e+06 4.339565113982311040e+00 2.992273026151476500e+00
2.458447837799999863e+06 8.680486750864865542e+00 9.283760602686590424e-01
2.458448685810000170e+06 9.567393057672862966e+00 1.585163072663385408e+00
2.458448840749999974e+06 -1.369786319059984825e+00 3.434172769977396733e+00
2.458449771740000229e+06 4.499109745526451931e+00 1.622361746903475677e+00
2.458449869200000074e+06 1.410663243260269262e+00 3.025212604309364117e+00
2.458449668790000025e+06 -6.972597249055104918e+00 2.717684555130938762e+00
2.458450789969999809e+06 -6.247066656844218357e+00 1.934115499717558695e+00
2.458450910209999885e+06 7.286545403346110561e+00 1.990047057971392697e+00
2.458450677430000156e+06 -5.367839743324274160e-01 2.401683173692401141e+00
2.458451834700000007e+06 -2.177176663700790549e+00 2.227129765112798143e+00
2.458451727890000213e+06 -1.040185864503936841e+01 1.919947334637989611e+00
2.458455719800000079e+06 -4.966942416968100460e+00 2.461820789465710035e+00
2.458456821469999850e+06 3.826650039187928343e+00 1.323687064869392138e+00
2.458456703660000116e+06 2.901795542275040329e+00 1.862185126158854676e+00
2.458457722630000208e+06 6.069070765383944854e-01 1.549032942979017280e+00
2.458461830300000031e+06 -4.242137268162993635e+00 1.282500274637848880e+00
2.458461709840000141e+06 -5.585758036445639618e+00 2.367255899213462023e+00
2.458462830790000036e+06 5.713816632426822473e+00 1.250051006044181179e+00
2.458462704069999978e+06 1.265237171299391727e+00 1.397865583925174349e+00
