   MJD (day)      ,RV(m/s)  ,Err(m/s),  Instrument
   56945.29554    , -3.6    ,   1.4  ,       TOU
   56947.29174    , -2.2    ,   1.4  ,       TOU
   56948.34443    ,  3.1    ,   1.4  ,       TOU
   56950.32858    ,  0.3    ,   2.2  ,       TOU
   56951.36162    , -4.4    ,   1.5  ,       TOU
   56952.32579    , -3.2    ,   1.3  ,       TOU
   56953.32188    , -5.7    ,   1.2  ,       TOU
   56954.32684    , -7.9    ,   1.2  ,       TOU
   56958.30646    , -2.1    ,   1.6  ,       TOU
   56959.32328    , -3.4    ,   1.6  ,       TOU
   56960.30294    , -2.8    ,   1.5  ,       TOU
   56966.28415    , -3.5    ,   1.5  ,       TOU
   56969.27967    , -2.7    ,   2.0  ,       TOU
   56970.27500    , -2.6    ,   1.7  ,       TOU
   56971.31261    , -2.4    ,   1.5  ,       TOU
   56972.26841    ,  1.2    ,   1.6  ,       TOU
   56975.26269    , -0.8    ,   1.6  ,       TOU
   56977.25913    ,  8.2    ,   1.9  ,       TOU
   56978.25921    ,  2.2    ,   1.6  ,       TOU
   56979.25894    ,  4.3    ,   1.7  ,       TOU
   56980.37984    ,  2.7    ,   1.6  ,       TOU
   56981.24778    ,  3.5    ,   1.7  ,       TOU
   56982.30965    ,  3.3    ,   1.6  ,       TOU
   56984.24060    ,  3.1    ,   1.6  ,       TOU
   56985.34707    ,  2.0    ,   1.8  ,       TOU
   56987.25198    ,  3.5    ,   1.1  ,       TOU
   56988.22573    ,  1.3    ,   1.5  ,       TOU
   56989.22217    ,  2.5    ,   1.7  ,       TOU
   56990.21987    ,  3.1    ,   1.7  ,       TOU
   56991.21981    ,  0.9    ,   1.7  ,       TOU
   56992.29443    ,  1.1    ,   1.8  ,       TOU
   56998.21861    , -1.3    ,   1.7  ,       TOU
   57002.23779    , -7.2    ,   1.7  ,       TOU
   57003.31031    , -2.7    ,   1.8  ,       TOU
   57011.27839    ,  2.2    ,   1.7  ,       TOU
   57014.27260    ,  3.7    ,   1.7  ,       TOU
   57020.24725    ,  5.3    ,   1.8  ,       TOU
   57021.27243    ,  4.1    ,   1.7  ,       TOU
   57026.24106    ,  3.7    ,   1.7  ,       TOU
   57027.25753    ,  3.8    ,   1.6  ,       TOU
   57028.25715    ,  2.7    ,   1.6  ,       TOU
   57029.27307    ,  1.9    ,   1.6  ,       TOU
   57037.21102    ,  0.8    ,   1.3  ,       TOU
   57039.22449    , -8.9    ,   1.3  ,       TOU
   57040.19262    , -4.4    ,   1.3  ,       TOU
   57041.17803    , -0.4    ,   1.3  ,       TOU
   57043.20783    , -3.2    ,   1.6  ,       TOU
   57044.18265    , -1.3    ,   1.6  ,       TOU
   57045.20699    ,  0.0    ,   1.3  ,       TOU
   57056.18214    ,  1.8    ,   1.2  ,       TOU
   57057.17890    ,  4.0    ,   1.3  ,       TOU
   57058.17859    ,  1.3    ,   1.4  ,       TOU
   57059.12909    ,  2.4    ,   1.4  ,       TOU
   57060.17028    ,  1.7    ,   1.4  ,       TOU
   57061.12708    , -0.4    ,   1.5  ,       TOU
   57062.12367    ,  3.5    ,   1.6  ,       TOU
   57063.12093    ,  4.5    ,   1.6  ,       TOU
   57064.12063    ,  2.8    ,   1.6  ,       TOU
   57065.11789    ,  4.2    ,   1.5  ,       TOU
   57071.15990    , -4.1    ,   1.5  ,       TOU
   57077.12127    , -2.8    ,   1.7  ,       TOU
   57078.12123    , -3.5    ,   1.8  ,       TOU
   57079.11865    , -4.3    ,   1.8  ,       TOU
   57080.11808    , -6.0    ,   1.8  ,       TOU
   57081.12330    , -6.6    ,   1.5  ,       TOU
   57083.11672    , -7.1    ,   1.8  ,       TOU
   57309.38729    , -2.9    ,   1.7  ,       TOU
   57318.34434    , -0.6    ,   1.6  ,       TOU
   57319.33590    ,  0.9    ,   1.6  ,       TOU
   57320.34878    , -0.8    ,   1.6  ,       TOU
   57321.43659    ,  0.7    ,   1.5  ,       TOU
   57322.33623    ,  0.3    ,   1.5  ,       TOU
   57326.46629    ,  4.6    ,   1.5  ,       TOU
   57327.31650    ,  4.2    ,   1.6  ,       TOU
   57329.31716    ,  0.8    ,   1.6  ,       TOU
   57332.29581    ,  1.1    ,   1.6  ,       TOU
   57333.28539    ,  2.7    ,   1.5  ,       TOU
   57334.29104    ,  0.8    ,   1.5  ,       TOU
   57335.28875    , -2.5    ,   1.7  ,       TOU
   57336.28918    , -1.5    ,   1.6  ,       TOU
   57337.28547    , -4.7    ,   1.7  ,       TOU
   57338.32876    , -3.1    ,   1.7  ,       TOU
   57339.37219    , -4.2    ,   1.7  ,       TOU
   57340.28100    , -5.8    ,   1.7  ,       TOU
   57344.25147    , -4.5    ,   1.7  ,       TOU
   57345.28697    , -2.1    ,   1.8  ,       TOU
   57346.26093    , -3.5    ,   1.5  ,       TOU
   57347.27432    , -2.0    ,   1.4  ,       TOU
   57348.27986    , -3.1    ,   1.4  ,       TOU
   57350.26373    , -2.5    ,   1.5  ,       TOU
   57351.30134    , -1.9    ,   1.9  ,       TOU
   57354.25544    , -2.5    ,   2.0  ,       TOU
   57355.25520    , -3.8    ,   1.5  ,       TOU
   57356.26534    , -1.7    ,   1.8  ,       TOU
   57357.24665    , -2.8    ,   1.7  ,       TOU
   57358.28677    ,  1.7    ,   1.7  ,       TOU
   57359.29854    , -0.1    ,   1.7  ,       TOU
   57359.30417    ,  0.5    ,   1.8  ,       TOU
   57360.21094    , -0.5    ,   1.8  ,       TOU
   57362.20699    , -1.5    ,   1.8  ,       TOU
   57364.20303    ,  2.0    ,   1.8  ,       TOU
   57700.39560    ,  6.3    ,   1.7  ,       TOU
   57702.24310    ,  5.5    ,   1.6  ,       TOU
   57702.36630    ,  5.2    ,   1.6  ,       TOU
   57702.44560    ,  4.0    ,   1.6  ,       TOU
   57703.39120    ,  2.9    ,   1.7  ,       TOU
   57704.36590    ,  3.1    ,   1.7  ,       TOU
   57705.35910    ,  2.3    ,   1.7  ,       TOU
   57705.45240    ,  2.2    ,   1.6  ,       TOU
   57710.27730    ,  0.4    ,   1.6  ,       TOU
   57711.27390    ,  1.1    ,   1.5  ,       TOU
   57711.35450    , -1.1    ,   1.5  ,       TOU
   57712.42580    ,  1.5    ,   1.7  ,       TOU
   57717.34460    , -6.8    ,   1.7  ,       TOU
   57718.34290    ,  0.6    ,   1.7  ,       TOU
   57723.27270    , -1.7    ,   2.0  ,       TOU
   57723.32720    ,  4.6    ,   1.5  ,       TOU
   57724.18060    , -4.3    ,   1.6  ,       TOU
   57726.28970    , -4.0    ,   1.6  ,       TOU
   57726.32100    , -5.2    ,   1.9  ,       TOU
   57727.17230    ,  3.0    ,   1.6  ,       TOU
   57727.24070    , -1.9    ,   1.6  ,       TOU
   57727.32850    , -3.0    ,   1.6  ,       TOU
   57728.18030    , -2.8    ,   1.8  ,       TOU
   57728.29210    , -4.1    ,   1.7  ,       TOU
   57728.32580    ,  0.1    ,   1.7  ,       TOU
   57731.18090    , -1.0    ,   1.8  ,       TOU
   57731.27290    , -3.1    ,   1.8  ,       TOU
   57731.34190    ,  0.2    ,   1.9  ,       TOU
   57732.32940    , -0.4    ,   1.9  ,       TOU
   57736.22740    ,  6.9    ,   2.1  ,       TOU
   57737.25020    ,  4.0    ,   2.0  ,       TOU
   57738.28040    ,  3.4    ,   2.0  ,       TOU
   52235.33300    ,  0.0    ,   1.3  ,      Keck
   52236.35549    , -0.4    ,   1.4  ,      Keck
   52237.39810    ,  3.5    ,   1.3  ,      Keck
   52307.23757    , -1.5    ,   1.5  ,      Keck
   52536.49956    , -0.4    ,   1.5  ,      Keck
   52601.49297    , -3.0    ,   1.3  ,      Keck
   52855.63402    ,  2.8    ,   1.5  ,      Keck
   52855.63536    , -2.3    ,   1.4  ,      Keck
   53239.62840    , -0.4    ,   1.3  ,      Keck
   53302.45245    ,  2.7    ,   1.2  ,      Keck
   53302.45311    ,  0.2    ,   1.3  ,      Keck
   53339.46462    , -3.0    ,   1.0  ,      Keck
   53339.46542    , -3.1    ,   1.1  ,      Keck
   53339.46609    , -3.1    ,   1.1  ,      Keck
   53368.46706    , -2.8    ,   1.1  ,      Keck
   53368.46769    , -0.1    ,   1.0  ,      Keck
   53368.46831    , -1.0    ,   1.2  ,      Keck
   53426.30457    , -2.8    ,   1.0  ,      Keck
   53426.30521    , -5.1    ,   0.9  ,      Keck
   53426.30595    , -2.7    ,   0.9  ,      Keck
   53692.43450    , -4.4    ,   1.0  ,      Keck
   53692.43535    , -5.7    ,   1.1  ,      Keck
   53692.43620    , -4.1    ,   1.0  ,      Keck
   53692.43765    , -3.4    ,   1.0  ,      Keck
   53692.43831    , -4.4    ,   1.1  ,      Keck
   53692.54310    , -2.8    ,   0.9  ,      Keck
   53692.54385    , -2.9    ,   1.0  ,      Keck
   53692.54448    , -2.2    ,   1.0  ,      Keck
   53693.55481    , -1.8    ,   1.0  ,      Keck
   53693.55543    , -5.3    ,   1.1  ,      Keck
   53693.55607    , -2.9    ,   1.0  ,      Keck
   53694.44654    , -2.2    ,   1.2  ,      Keck
   53694.44706    , -2.8    ,   1.0  ,      Keck
   53694.44760    , -4.9    ,   1.1  ,      Keck
   53694.45230    , -4.2    ,   1.0  ,      Keck
   53694.45288    , -4.5    ,   1.0  ,      Keck
   53694.45348    , -3.1    ,   1.0  ,      Keck
   53695.31689    , -1.9    ,   1.0  ,      Keck
   53695.31749    , -2.6    ,   1.1  ,      Keck
   53695.31809    , -2.1    ,   1.0  ,      Keck
   53696.40799    , -4.9    ,   1.1  ,      Keck
   53696.40860    , -3.3    ,   1.1  ,      Keck
   53696.40923    , -1.4    ,   1.0  ,      Keck
   53724.43427    , -2.8    ,   1.0  ,      Keck
   53724.43490    , -2.2    ,   1.1  ,      Keck
   53724.43553    , -2.6    ,   1.2  ,      Keck
   53724.43616    , -1.7    ,   1.1  ,      Keck
   53724.43678    , -1.8    ,   1.0  ,      Keck
   54396.39745    ,-16.0    ,   1.6  ,      Keck
   54397.51354    ,  1.3    ,   1.1  ,      Keck
   54399.46904    ,  0.2    ,   1.3  ,      Keck
   54399.46973    ,  0.0    ,   1.2  ,      Keck
   54429.45297    ,  2.3    ,   1.2  ,      Keck
   54453.34272    , -1.8    ,   2.8  ,      Keck
   54453.34721    , -0.4    ,   1.2  ,      Keck
   54454.36238    ,  2.6    ,   1.3  ,      Keck
   54454.36311    ,  0.8    ,   1.2  ,      Keck
   54455.52066    , -1.1    ,   1.3  ,      Keck
   54458.53418    , -2.1    ,   1.7  ,      Keck
   54460.31701    ,  0.6    ,   1.5  ,      Keck
   54461.35278    , -4.9    ,   1.4  ,      Keck
   54461.35483    ,  2.4    ,   1.4  ,      Keck
   54490.31656    ,  0.3    ,   1.1  ,      Keck
   54491.33772    ,  1.4    ,   1.0  ,      Keck
   54544.29929    , -3.9    ,   1.3  ,      Keck
   54545.23641    , -3.8    ,   1.1  ,      Keck
   54546.23156    , -1.8    ,   1.3  ,      Keck
   54689.63951    ,  4.5    ,   1.2  ,      Keck
   54689.64009    ,  1.9    ,   1.4  ,      Keck
   54701.63632    ,  1.9    ,   1.0  ,      Keck
   54778.44659    ,  1.8    ,   1.3  ,      Keck
   54778.44715    ,  3.3    ,   1.2  ,      Keck
   54778.44773    ,  3.1    ,   1.2  ,      Keck
   54779.50090    ,  1.0    ,   1.3  ,      Keck
   54779.50148    ,  1.0    ,   1.1  ,      Keck
   54779.50207    ,  0.8    ,   1.2  ,      Keck
   54810.47102    ,  1.6    ,   1.3  ,      Keck
   54819.55211    ,  6.4    ,   1.4  ,      Keck
   54819.55274    ,  8.3    ,   1.3  ,      Keck
   54819.55353    ,  4.7    ,   1.3  ,      Keck
   54819.55431    ,  6.5    ,   1.4  ,      Keck
   54819.55495    ,  4.1    ,   1.2  ,      Keck
   54820.34813    , -0.3    ,   1.2  ,      Keck
   54820.34961    ,  2.4    ,   1.2  ,      Keck
   54820.35082    ,  2.7    ,   1.3  ,      Keck
   54820.35235    ,  3.1    ,   1.2  ,      Keck
   54821.36264    , -1.5    ,   1.1  ,      Keck
   54821.36323    , -1.1    ,   1.0  ,      Keck
   54821.36384    ,  0.5    ,   1.2  ,      Keck
   54821.36442    ,  0.0    ,   1.0  ,      Keck
   54821.36506    , -0.2    ,   1.3  ,      Keck
   54821.36566    , -4.3    ,   1.1  ,      Keck
   54821.36627    , -2.0    ,   1.2  ,      Keck
   54821.36690    , -1.4    ,   1.1  ,      Keck
   54822.36272    , -2.0    ,   1.2  ,      Keck
   54822.36330    ,  1.0    ,   1.2  ,      Keck
   54822.36388    ,  3.4    ,   1.4  ,      Keck
   54822.36447    ,  1.0    ,   1.1  ,      Keck
   54822.36519    , -2.4    ,   1.2  ,      Keck
   54822.36576    , -0.7    ,   1.1  ,      Keck
   54822.36635    , -2.0    ,   1.3  ,      Keck
   54864.40418    ,  7.2    ,   1.2  ,      Keck
   54864.40477    ,  1.4    ,   1.4  ,      Keck
   54864.40537    ,  4.3    ,   1.2  ,      Keck
   54867.22696    ,  8.9    ,   1.4  ,      Keck
   54867.22860    ,  2.7    ,   1.2  ,      Keck
   54872.36759    ,  1.4    ,   1.3  ,      Keck
   54872.36874    , -2.4    ,   1.2  ,      Keck
   54872.36961    ,  0.6    ,   1.3  ,      Keck
   54872.37051    , -1.7    ,   1.1  ,      Keck
   54872.37154    , -1.2    ,   1.2  ,      Keck
   54872.37243    , -1.7    ,   1.2  ,      Keck
   54928.22177    , -0.9    ,   1.3  ,      Keck
   54929.21831    , -4.1    ,   1.3  ,      Keck
   55110.57716    , -1.0    ,   1.5  ,      Keck
   55134.59894    ,  1.9    ,   1.3  ,      Keck
   55166.45110    , -1.7    ,   1.3  ,      Keck
   55166.45171    , -1.5    ,   1.2  ,      Keck
   55166.45233    ,  0.2    ,   1.2  ,      Keck
   55166.45295    , -3.8    ,   1.3  ,      Keck
   55166.45355    , -1.6    ,   1.3  ,      Keck
   55200.30924    , -0.0    ,   1.2  ,      Keck
   55200.30986    , -0.7    ,   1.2  ,      Keck
   55200.31050    ,  0.8    ,   1.1  ,      Keck
   55200.31111    ,  0.2    ,   1.2  ,      Keck
   55200.31175    , -2.6    ,   1.2  ,      Keck
   55256.20843    , -4.0    ,   1.1  ,      Keck
   55257.28260    , -5.7    ,   1.1  ,      Keck
   55257.28323    , -3.6    ,   1.1  ,      Keck
   55257.28384    , -2.9    ,   1.1  ,      Keck
   55257.28462    , -3.0    ,   1.1  ,      Keck
   55257.28527    , -1.6    ,   1.0  ,      Keck
   55260.21245    , -2.0    ,   1.2  ,      Keck
   55410.63712    ,  4.8    ,   1.1  ,      Keck
   55410.63768    ,  5.2    ,   1.0  ,      Keck
   55410.63825    ,  2.0    ,   1.1  ,      Keck
   55411.63495    ,  5.2    ,   1.2  ,      Keck
   55411.63550    ,  2.5    ,   1.1  ,      Keck
   55411.63607    ,  4.5    ,   1.1  ,      Keck
   55425.64207    ,  2.6    ,   1.0  ,      Keck
   55425.64264    ,  1.2    ,   1.2  ,      Keck
   55425.64318    ,  0.8    ,   1.2  ,      Keck
   55426.64488    ,  0.3    ,   1.1  ,      Keck
   55426.64543    ,  1.6    ,   1.0  ,      Keck
   55426.64596    ,  2.3    ,   1.0  ,      Keck
   55433.64784    ,  3.4    ,   1.1  ,      Keck
   55433.64838    ,  5.4    ,   1.2  ,      Keck
   55433.64895    ,  2.1    ,   1.1  ,      Keck
   55434.64352    ,  0.1    ,   1.1  ,      Keck
   55434.64407    , -0.1    ,   1.1  ,      Keck
   55434.64462    ,  4.3    ,   1.2  ,      Keck
   55435.64161    ,  1.6    ,   1.1  ,      Keck
   55435.64216    ,  1.0    ,   1.3  ,      Keck
   55435.64274    ,  0.4    ,   1.2  ,      Keck
   55436.63220    ,  2.8    ,   1.1  ,      Keck
   55436.63276    , -0.1    ,   1.0  ,      Keck
   55436.63332    ,  0.0    ,   1.1  ,      Keck
   55437.64708    , -2.0    ,   1.2  ,      Keck
   55437.64762    , -2.4    ,   1.2  ,      Keck
   55437.64816    ,  1.9    ,   1.1  ,      Keck
   55438.64439    , -2.8    ,   1.2  ,      Keck
   55438.64492    , -0.8    ,   1.1  ,      Keck
   55438.64548    ,  2.6    ,   1.2  ,      Keck
   55439.64808    ,  0.1    ,   1.2  ,      Keck
   55439.64866    , -1.9    ,   1.1  ,      Keck
   55439.64921    ,  1.4    ,   1.1  ,      Keck
   55455.51424    ,  4.8    ,   1.0  ,      Keck
   55455.51479    ,  3.7    ,   1.1  ,      Keck
   55455.51535    ,  8.5    ,   1.2  ,      Keck
   55462.61874    ,  0.6    ,   1.0  ,      Keck
   55462.61932    ,  2.8    ,   1.1  ,      Keck
   55462.61991    ,  2.2    ,   1.0  ,      Keck
   55462.62050    ,  4.2    ,   1.0  ,      Keck
   55462.62119    ,  5.3    ,   1.0  ,      Keck
   55462.62178    ,  2.7    ,   1.0  ,      Keck
   55462.62238    ,  3.6    ,   1.0  ,      Keck
   55464.57280    ,  3.2    ,   1.2  ,      Keck
   55464.57337    ,  4.9    ,   1.3  ,      Keck
   55464.57391    ,  1.3    ,   1.3  ,      Keck
   55468.62568    ,  1.8    ,   1.1  ,      Keck
   55468.62625    ,  2.4    ,   1.1  ,      Keck
   55468.62681    , -0.0    ,   1.2  ,      Keck
   55490.45118    , -4.7    ,   1.2  ,      Keck
   55490.45175    , -2.5    ,   1.2  ,      Keck
   55490.45229    , -2.6    ,   1.2  ,      Keck
   55515.56165    , -1.6    ,   1.2  ,      Keck
   55515.56226    , -4.8    ,   1.3  ,      Keck
   55515.56299    , -3.9    ,   1.2  ,      Keck
   55515.56359    , -3.2    ,   1.2  ,      Keck
   55515.56418    , -3.0    ,   1.2  ,      Keck
   55522.42384    , -4.4    ,   1.1  ,      Keck
   55522.42441    , -2.4    ,   1.4  ,      Keck
   55522.42498    , -3.5    ,   1.2  ,      Keck
   55542.50175    ,  6.0    ,   1.4  ,      Keck
   55542.50232    , 10.0    ,   1.4  ,      Keck
   55542.50291    ,  7.2    ,   1.3  ,      Keck
   55548.50309    , 12.0    ,   1.1  ,      Keck
   55548.50373    ,  7.2    ,   1.2  ,      Keck
   55548.50439    ,  5.1    ,   1.2  ,      Keck
   55548.50501    ,  5.8    ,   1.2  ,      Keck
   55548.50566    ,  9.1    ,   1.2  ,      Keck
   55578.42804    ,  5.3    ,   1.1  ,      Keck
   55578.42891    ,  6.3    ,   1.1  ,      Keck
   55578.42981    ,  6.1    ,   1.2  ,      Keck
   55578.43091    ,  5.8    ,   1.2  ,      Keck
   55578.43190    ,  7.4    ,   1.1  ,      Keck
   55614.24767    ,  0.3    ,   1.2  ,      Keck
   55614.24847    , -2.2    ,   1.2  ,      Keck
   55614.24911    ,  0.7    ,   1.1  ,      Keck
   55633.30091    ,  0.2    ,   1.2  ,      Keck
   55633.30148    , -1.0    ,   1.3  ,      Keck
   55633.30207    ,  0.2    ,   1.3  ,      Keck
   55637.26187    , -6.6    ,   1.1  ,      Keck
   55637.26251    , -6.5    ,   1.1  ,      Keck
   55637.26314    , -5.1    ,   1.1  ,      Keck
   55637.26375    , -3.4    ,   1.0  ,      Keck
   55637.26436    , -4.7    ,   1.1  ,      Keck
   55791.63503    ,  3.7    ,   1.0  ,      Keck
   55792.63880    ,  5.0    ,   1.1  ,      Keck
   55794.64083    ,  0.4    ,   1.1  ,      Keck
   55796.63449    ,  0.4    ,   1.2  ,      Keck
   55797.64262    ,  1.6    ,   1.1  ,      Keck
   55808.63613    ,  3.9    ,   1.2  ,      Keck
   56018.21632    , -2.1    ,   1.4  ,      Keck
   56166.65068    ,  0.2    ,   1.3  ,      Keck
   56166.65125    , -1.5    ,   1.5  ,      Keck
   56518.63871    ,  4.1    ,   1.2  ,      Keck
   56523.64912    , -1.2    ,   1.0  ,      Keck
   56529.61535    , -0.5    ,   1.2  ,      Keck
   55852.31626    ,  1.7    ,   1.1  ,       PFS
   55852.31753    ,  0.0    ,   1.2  ,       PFS
   55852.31876    , -3.0    ,   1.1  ,       PFS
   55852.32000    ,  0.7    ,   1.1  ,       PFS
   56175.39728    ,  0.3    ,   0.9  ,       PFS
   56285.17699    , -2.3    ,   0.8  ,       PFS
   56285.17840    , -1.2    ,   0.8  ,       PFS
   56285.17978    , -1.4    ,   0.8  ,       PFS
   56285.18118    , -1.5    ,   0.8  ,       PFS
   56293.19496    ,  1.0    ,   0.8  ,       PFS
   56293.19630    ,  0.4    ,   0.9  ,       PFS
   56293.19755    ,  0.4    ,   0.9  ,       PFS
   56293.19881    ,  1.2    ,   0.8  ,       PFS
   56348.05627    , -5.4    ,   0.9  ,       PFS
   56348.05763    , -6.1    ,   0.8  ,       PFS
   56348.05892    , -5.5    ,   0.8  ,       PFS
   56508.43322    , -0.1    ,   1.0  ,       PFS
   56508.43469    , -0.5    ,   1.0  ,       PFS
   56508.43612    ,  0.5    ,   1.0  ,       PFS
   56508.43752    ,  2.9    ,   1.0  ,       PFS
   56550.36215    ,  3.6    ,   1.0  ,       PFS
   56550.36336    ,  2.4    ,   0.9  ,       PFS
   56550.36450    ,  0.5    ,   1.0  ,       PFS
   56550.36567    ,  1.3    ,   1.0  ,       PFS
   56611.25498    ,  0.7    ,   1.1  ,       PFS
   56611.25619    ,  1.3    ,   1.1  ,       PFS
   56611.25741    ,  1.3    ,   1.0  ,       PFS
   56703.06427    , -6.5    ,   0.9  ,       PFS
   56703.06554    , -5.6    ,   0.9  ,       PFS
   56703.06683    , -4.0    ,   0.9  ,       PFS
   56703.06810    , -4.8    ,   0.9  ,       PFS
   56735.00911    , -4.1    ,   0.9  ,       PFS
   56735.01047    , -6.6    ,   0.9  ,       PFS
   56879.40675    , -2.0    ,   0.9  ,       PFS
   56879.40802    , -1.6    ,   1.0  ,       PFS
   56879.40931    , -2.1    ,   0.9  ,       PFS
   56879.41059    , -1.5    ,   0.9  ,       PFS
   57028.11087    ,  1.6    ,   0.9  ,       PFS
   57028.11236    ,  3.0    ,   0.9  ,       PFS
   57028.11395    ,  2.8    ,   0.9  ,       PFS
   57064.06133    ,  3.1    ,   0.9  ,       PFS
   57064.06259    ,  2.1    ,   0.9  ,       PFS
   57064.06388    ,  1.5    ,   0.9  ,       PFS
   57064.06515    ,  2.1    ,   0.9  ,       PFS
   57069.04015    , -2.0    ,   0.9  ,       PFS
   57069.04142    , -3.6    ,   1.0  ,       PFS
   57069.04270    , -0.1    ,   0.9  ,       PFS
   57069.04399    , -1.2    ,   0.9  ,       PFS
   57264.36887    , -1.4    ,   0.9  ,       PFS
   57264.37031    , -0.1    ,   0.9  ,       PFS
   57264.37162    , -0.1    ,   1.0  ,       PFS
   57320.28230    ,  7.3    ,   1.0  ,       PFS
   57320.28365    ,  5.0    ,   1.0  ,       PFS
   57320.28494    ,  6.4    ,   1.0  ,       PFS
   57320.28624    ,  5.7    ,   1.0  ,       PFS
   57326.28473    ,  4.2    ,   1.1  ,       PFS
   57326.28634    ,  8.4    ,   1.1  ,       PFS
   57326.28778    ,  4.6    ,   1.1  ,       PFS
   57394.15515    ,  1.6    ,   1.0  ,       PFS
   57394.15661    ,  2.4    ,   1.0  ,       PFS
   57394.15808    ,  2.8    ,   1.0  ,       PFS
   57452.03590    , -1.3    ,   0.8  ,       PFS
   57452.03754    , -2.2    ,   0.8  ,       PFS
   57452.03895    , -3.4    ,   0.9  ,       PFS
   57766.07231    , -1.7    ,   1.0  ,       PFS
   57766.07360    , -3.0    ,   1.0  ,       PFS
   57766.07488    , -1.9    ,   1.0  ,       PFS
   57766.07616    , -3.5    ,   1.0  ,       PFS
   56941.30711    ,  2.2    ,   1.5  ,    CHIRON
   56941.31054    ,  3.4    ,   1.5  ,    CHIRON
   56941.31463    ,  2.5    ,   1.6  ,    CHIRON
   56942.29556    ,  3.5    ,   1.5  ,    CHIRON
   56942.29920    ,  2.1    ,   1.6  ,    CHIRON
   56942.30289    ,  2.2    ,   1.5  ,    CHIRON
   56943.25367    ,  3.3    ,   1.6  ,    CHIRON
   56943.25739    ,  2.6    ,   1.7  ,    CHIRON
   56943.26103    ,  3.3    ,   1.6  ,    CHIRON
   56944.27611    ,  2.8    ,   1.4  ,    CHIRON
   56944.27965    ,  2.2    ,   1.5  ,    CHIRON
   56944.28345    ,  9.4    ,   1.6  ,    CHIRON
   56946.35268    ,  2.3    ,   2.8  ,    CHIRON
   56946.36028    , -1.9    ,   3.2  ,    CHIRON
   56948.25213    , -2.8    ,   1.5  ,    CHIRON
   56948.25578    ,  4.9    ,   1.5  ,    CHIRON
   56948.25947    , -2.4    ,   1.5  ,    CHIRON
   56949.31210    , -1.3    ,   1.6  ,    CHIRON
   56949.31566    , -1.7    ,   1.5  ,    CHIRON
   56949.31926    ,  1.1    ,   1.4  ,    CHIRON
   56950.20625    , -2.7    ,   1.5  ,    CHIRON
   56950.21005    , -3.7    ,   1.6  ,    CHIRON
   56950.21365    , -3.6    ,   1.4  ,    CHIRON
   56951.25930    , -2.6    ,   1.5  ,    CHIRON
   56951.26305    , -4.9    ,   1.6  ,    CHIRON
   56951.26653    ,  0.1    ,   1.6  ,    CHIRON
   56952.23343    , -1.9    ,   1.5  ,    CHIRON
   56952.23712    , -4.9    ,   1.5  ,    CHIRON
   56952.24081    , -1.4    ,   1.6  ,    CHIRON
   56953.21025    , -4.7    ,   1.6  ,    CHIRON
   56953.21355    , -6.1    ,   2.1  ,    CHIRON
   56953.21805    ,  0.8    ,   2.4  ,    CHIRON
   56954.19877    , -3.1    ,   1.4  ,    CHIRON
   56954.20253    , -1.6    ,   1.4  ,    CHIRON
   56954.20614    , -0.1    ,   1.4  ,    CHIRON
   56955.20472    , -1.0    ,   1.5  ,    CHIRON
   56955.20846    , -3.5    ,   1.6  ,    CHIRON
   56955.21220    ,  1.1    ,   1.4  ,    CHIRON
   56956.22448    ,  0.5    ,   1.6  ,    CHIRON
   56956.22810    ,  0.2    ,   1.4  ,    CHIRON
   56956.23166    , -0.6    ,   1.4  ,    CHIRON
   56957.35571    ,  0.3    ,   1.5  ,    CHIRON
   56957.35928    , -0.1    ,   1.4  ,    CHIRON
   56957.36308    ,  0.3    ,   1.5  ,    CHIRON
   56958.32591    , -2.7    ,   1.3  ,    CHIRON
   56958.32958    ,  0.6    ,   1.4  ,    CHIRON
   56958.33330    , -1.1    ,   1.5  ,    CHIRON
   56959.20760    , -2.0    ,   1.4  ,    CHIRON
   56959.21134    , -3.0    ,   1.5  ,    CHIRON
   56959.21485    , -2.3    ,   1.6  ,    CHIRON
   56960.27517    , -0.4    ,   1.5  ,    CHIRON
   56960.27895    ,  0.1    ,   1.7  ,    CHIRON
   56960.28260    , -3.2    ,   1.6  ,    CHIRON
   56961.22512    ,  2.3    ,   1.8  ,    CHIRON
   56961.22917    , -0.2    ,   1.5  ,    CHIRON
   56961.23289    , -4.0    ,   1.6  ,    CHIRON
   56961.28853    , -2.3    ,   1.4  ,    CHIRON
   56961.29222    ,  0.7    ,   1.5  ,    CHIRON
   56961.29593    ,  0.0    ,   1.5  ,    CHIRON
   56964.32798    , -2.2    ,   1.5  ,    CHIRON
   56964.33164    , -3.1    ,   1.6  ,    CHIRON
   56964.33523    , -3.4    ,   1.5  ,    CHIRON
   56965.21396    , -5.4    ,   1.6  ,    CHIRON
   56965.21760    , -1.4    ,   1.4  ,    CHIRON
   56965.22133    , -3.8    ,   1.4  ,    CHIRON
   56966.18767    , -4.8    ,   1.5  ,    CHIRON
   56966.19135    , -3.2    ,   1.6  ,    CHIRON
   56966.19509    , -2.4    ,   1.5  ,    CHIRON
   56967.20782    , -2.1    ,   1.6  ,    CHIRON
   56967.21170    , -0.5    ,   1.5  ,    CHIRON
   56967.21528    , -0.3    ,   1.7  ,    CHIRON
   56968.21295    , -1.1    ,   1.6  ,    CHIRON
   56968.21659    , -2.2    ,   1.6  ,    CHIRON
   56968.22021    , -1.4    ,   1.6  ,    CHIRON
   56969.31935    , -0.7    ,   1.6  ,    CHIRON
   56969.32294    , -0.6    ,   1.4  ,    CHIRON
   56969.32671    , -1.1    ,   1.5  ,    CHIRON
   56970.33930    ,  0.7    ,   1.7  ,    CHIRON
   56970.34303    ,  2.5    ,   1.5  ,    CHIRON
   56970.34666    ,  1.9    ,   1.6  ,    CHIRON
   56971.21060    ,  5.2    ,   1.5  ,    CHIRON
   56971.21430    ,  2.9    ,   1.5  ,    CHIRON
   56971.21798    ,  4.5    ,   1.4  ,    CHIRON
   56972.24696    ,  4.2    ,   1.8  ,    CHIRON
   56972.25071    ,  4.1    ,   1.8  ,    CHIRON
   56972.25434    ,  5.8    ,   1.7  ,    CHIRON
   56973.23638    ,  4.4    ,   1.5  ,    CHIRON
   56973.24008    ,  4.0    ,   1.4  ,    CHIRON
   56973.24375    ,  6.8    ,   1.5  ,    CHIRON
   56974.23892    ,  5.5    ,   1.4  ,    CHIRON
   56974.24265    ,  1.7    ,   1.4  ,    CHIRON
   56974.24631    ,  3.7    ,   1.4  ,    CHIRON
   56975.17388    ,  6.9    ,   1.5  ,    CHIRON
   56975.17749    ,  3.2    ,   1.3  ,    CHIRON
   56975.18117    ,  0.3    ,   1.4  ,    CHIRON
   56976.20979    ,  0.4    ,   1.5  ,    CHIRON
   56976.21341    ,  0.4    ,   1.6  ,    CHIRON
   56976.21709    ,  0.0    ,   1.4  ,    CHIRON
   56977.16858    , -3.0    ,   2.0  ,    CHIRON
   56977.17221    ,  6.1    ,   2.0  ,    CHIRON
   56977.17582    ,  1.3    ,   1.9  ,    CHIRON
   56978.24981    ,  1.9    ,   1.5  ,    CHIRON
   56978.25347    ,  2.8    ,   1.5  ,    CHIRON
   56978.25722    ,  0.5    ,   1.6  ,    CHIRON
   56979.18173    ,  1.0    ,   1.5  ,    CHIRON
   56979.18545    ,  0.1    ,   1.5  ,    CHIRON
   56979.18913    , -0.1    ,   1.4  ,    CHIRON
   56980.20778    , -0.4    ,   1.5  ,    CHIRON
   56980.21143    ,  3.1    ,   1.6  ,    CHIRON
   56980.21514    ,  2.9    ,   1.6  ,    CHIRON
   56981.35097    , -1.0    ,   1.9  ,    CHIRON
   56981.35457    , -4.9    ,   2.1  ,    CHIRON
   56986.23246    ,  3.0    ,   1.8  ,    CHIRON
   56986.23577    ,  2.9    ,   1.5  ,    CHIRON
   56986.23925    ,  4.7    ,   1.6  ,    CHIRON
   56987.14144    ,  5.8    ,   1.5  ,    CHIRON
   56987.14508    ,  5.1    ,   1.4  ,    CHIRON
   56987.14881    ,  5.9    ,   1.5  ,    CHIRON
   57021.21525    , -0.6    ,   1.5  ,    CHIRON
   57021.21893    ,  0.7    ,   1.6  ,    CHIRON
   57021.22261    , -1.5    ,   1.6  ,    CHIRON
   57062.03605    ,  6.5    ,   1.4  ,    CHIRON
   57062.03973    ,  4.1    ,   1.4  ,    CHIRON
   57062.04342    ,  4.2    ,   1.4  ,    CHIRON
   57063.06679    ,  2.1    ,   1.3  ,    CHIRON
   57063.07043    ,  1.0    ,   1.4  ,    CHIRON
   57063.07413    ,  4.3    ,   1.5  ,    CHIRON
   57064.13820    ,  4.4    ,   1.3  ,    CHIRON
   57064.14183    ,  3.7    ,   1.5  ,    CHIRON
   57064.14547    ,  3.3    ,   1.5  ,    CHIRON
   57065.14383    ,  1.5    ,   1.4  ,    CHIRON
   57065.14744    ,  5.0    ,   1.5  ,    CHIRON
   57066.09955    ,  3.8    ,   1.4  ,    CHIRON
   57066.10323    ,  0.3    ,   1.5  ,    CHIRON
   57066.10698    ,  0.9    ,   1.4  ,    CHIRON
   57067.08157    ,  0.2    ,   1.4  ,    CHIRON
   57067.08524    , -0.5    ,   1.5  ,    CHIRON
   57067.08890    ,  2.3    ,   1.5  ,    CHIRON
   57068.09602    , -0.3    ,   1.3  ,    CHIRON
   57068.09962    ,  1.5    ,   1.4  ,    CHIRON
   57068.10328    , -0.1    ,   1.5  ,    CHIRON
   57069.03622    ,  2.8    ,   1.4  ,    CHIRON
   57069.03990    , -1.5    ,   1.5  ,    CHIRON
   57069.04356    , -0.3    ,   1.5  ,    CHIRON
   57070.04958    , -2.7    ,   1.4  ,    CHIRON
   57070.05326    , -3.0    ,   1.4  ,    CHIRON
   57070.05692    , -0.5    ,   1.4  ,    CHIRON
   57071.01625    , -2.0    ,   1.4  ,    CHIRON
   57071.01993    ,  0.9    ,   1.4  ,    CHIRON
   57071.02360    , -3.3    ,   1.4  ,    CHIRON
   57072.07242    ,  0.5    ,   1.4  ,    CHIRON
   57072.07604    , -2.4    ,   1.3  ,    CHIRON
   57072.07977    , -1.2    ,   1.6  ,    CHIRON
   57073.04211    , -2.1    ,   1.7  ,    CHIRON
   57073.04575    , -4.7    ,   1.5  ,    CHIRON
   57073.04943    , -3.4    ,   1.5  ,    CHIRON
   57076.04771    , -4.1    ,   1.4  ,    CHIRON
   57076.05136    , -3.7    ,   1.4  ,    CHIRON
   57076.05501    , -3.5    ,   1.3  ,    CHIRON
   57077.02184    , -3.9    ,   1.5  ,    CHIRON
   57077.02551    , -3.9    ,   1.4  ,    CHIRON
   57077.02919    , -5.9    ,   1.4  ,    CHIRON
   57078.09011    , -5.0    ,   1.7  ,    CHIRON
   57078.09384    , -6.3    ,   1.6  ,    CHIRON
   57078.09761    , -2.9    ,   1.7  ,    CHIRON
   57255.38790    , -6.3    ,   1.7  ,    CHIRON
   57255.39148    , -1.2    ,   1.9  ,    CHIRON
   57255.39518    ,  0.5    ,   1.9  ,    CHIRON
   57256.35452    , -1.8    ,   2.0  ,    CHIRON
   57256.35826    , -1.9    ,   1.9  ,    CHIRON
   57256.36173    ,  4.3    ,   1.9  ,    CHIRON
   57257.39496    ,  2.2    ,   1.7  ,    CHIRON
   57257.39807    ,  0.9    ,   1.7  ,    CHIRON
   57257.40126    , -2.9    ,   1.7  ,    CHIRON
   57258.36019    , -2.0    ,   1.5  ,    CHIRON
   57258.36387    , -0.8    ,   1.6  ,    CHIRON
   57258.36748    , -1.3    ,   1.7  ,    CHIRON
   57260.32440    , -1.9    ,   1.6  ,    CHIRON
   57260.32801    , -0.4    ,   1.9  ,    CHIRON
   57260.33170    ,  1.1    ,   1.9  ,    CHIRON
   57261.32956    ,  1.4    ,   1.7  ,    CHIRON
   57261.33274    ,  0.3    ,   1.5  ,    CHIRON
   57261.33612    , -0.2    ,   1.7  ,    CHIRON
   57264.29857    ,  2.1    ,   1.8  ,    CHIRON
   57264.30220    , -0.7    ,   1.8  ,    CHIRON
   57264.30591    , -5.9    ,   1.6  ,    CHIRON
   57266.34500    , -2.0    ,   1.6  ,    CHIRON
   57266.34875    , -2.3    ,   1.6  ,    CHIRON
   57266.35245    ,  1.7    ,   1.7  ,    CHIRON
   57268.32952    ,  1.4    ,   1.6  ,    CHIRON
   57268.33314    , -1.7    ,   1.7  ,    CHIRON
   57268.33679    , -1.2    ,   1.6  ,    CHIRON
   57269.28582    , -4.2    ,   1.9  ,    CHIRON
   57269.28949    , -2.5    ,   1.8  ,    CHIRON
   57269.29303    , -3.2    ,   1.6  ,    CHIRON
   57283.33609    ,  5.8    ,   1.7  ,    CHIRON
   57283.33985    ,  7.7    ,   1.8  ,    CHIRON
   57283.34352    ,  6.7    ,   1.6  ,    CHIRON
   57288.26269    ,  4.8    ,   1.5  ,    CHIRON
   57288.26637    ,  6.0    ,   1.8  ,    CHIRON
   57288.26998    ,  3.4    ,   1.5  ,    CHIRON
   57291.23087    ,  5.0    ,   1.8  ,    CHIRON
   57291.23423    ,  4.2    ,   1.7  ,    CHIRON
   57291.23759    ,  2.1    ,   1.8  ,    CHIRON
   57292.24703    ,  4.0    ,   1.8  ,    CHIRON
   57292.25078    , -2.3    ,   1.7  ,    CHIRON
   57292.25435    ,  2.6    ,   1.5  ,    CHIRON
   57293.39403    , -3.6    ,   1.7  ,    CHIRON
   57293.39774    , -3.0    ,   1.8  ,    CHIRON
   57303.34802    ,  1.0    ,   2.8  ,    CHIRON
   57303.35195    ,  7.8    ,   1.8  ,    CHIRON
   57303.35526    ,  2.7    ,   1.9  ,    CHIRON
   57305.29483    ,  5.4    ,   1.8  ,    CHIRON
   57305.29884    ,  3.6    ,   2.0  ,    CHIRON
   57305.30259    ,  2.1    ,   1.6  ,    CHIRON
   57306.18338    ,  4.9    ,   1.7  ,    CHIRON
   57306.18709    ,  2.7    ,   1.6  ,    CHIRON
   57306.19091    ,  4.3    ,   1.6  ,    CHIRON
   57307.30423    ,  4.9    ,   2.8  ,    CHIRON
   57311.28722    ,  0.5    ,   1.6  ,    CHIRON
   57311.29091    ,  0.7    ,   1.6  ,    CHIRON
   57311.29459    ,  3.1    ,   1.4  ,    CHIRON
   57319.26756    ,  1.7    ,   1.5  ,    CHIRON
   57319.27120    ,  1.9    ,   1.5  ,    CHIRON
   57319.27496    ,  1.8    ,   1.5  ,    CHIRON
   57360.10813    , -1.7    ,   1.7  ,    CHIRON
   57360.11193    , -2.6    ,   1.8  ,    CHIRON
   57360.11559    ,  6.4    ,   1.6  ,    CHIRON
   57374.05920    , -3.9    ,   1.6  ,    CHIRON
   57374.06276    , -1.1    ,   1.5  ,    CHIRON
   57374.06656    , -2.5    ,   1.6  ,    CHIRON
   57375.02247    , -4.6    ,   1.8  ,    CHIRON
   57375.02608    , -4.7    ,   1.7  ,    CHIRON
   57375.02971    , -4.5    ,   1.7  ,    CHIRON
   57376.06151    ,  0.5    ,   2.0  ,    CHIRON
   57376.06504    , -5.0    ,   2.0  ,    CHIRON
   57376.06885    , -3.7    ,   1.8  ,    CHIRON
   57377.07718    , -0.9    ,   1.6  ,    CHIRON
   57377.08092    , -2.5    ,   1.5  ,    CHIRON
   57377.08458    ,  0.2    ,   1.5  ,    CHIRON
   57378.02875    ,  0.2    ,   1.8  ,    CHIRON
   57378.03238    , -3.0    ,   1.7  ,    CHIRON
   57378.03596    , -2.4    ,   1.6  ,    CHIRON
   57379.09494    , -1.8    ,   1.7  ,    CHIRON
   57379.09768    , -1.4    ,   1.6  ,    CHIRON
   57379.10051    , -0.3    ,   1.7  ,    CHIRON
   57380.10941    ,  2.4    ,   1.5  ,    CHIRON
   57380.11302    , -0.2    ,   1.5  ,    CHIRON
   57380.11673    , -0.7    ,   1.5  ,    CHIRON
   57390.06733    , -4.0    ,   1.6  ,    CHIRON
   57390.07095    , -2.7    ,   1.6  ,    CHIRON
   57390.07469    , -3.3    ,   1.7  ,    CHIRON
   57394.10245    , -0.9    ,   1.7  ,    CHIRON
   57394.10579    , -6.7    ,   1.8  ,    CHIRON
   57394.10929    , -2.5    ,   1.7  ,    CHIRON
   57402.13997    ,  2.2    ,   1.7  ,    CHIRON
   57402.14304    ,  2.1    ,   1.6  ,    CHIRON
   57402.14628    ,  0.2    ,   1.7  ,    CHIRON
   52939.30613    ,  3.0    ,   0.5  , HARPS_old
   52939.30685    ,  3.6    ,   0.5  , HARPS_old
   52939.30756    ,  3.0    ,   0.6  , HARPS_old
   52939.30827    ,  3.6    ,   0.5  , HARPS_old
   52939.30899    ,  5.7    ,   1.0  , HARPS_old
   52939.30970    ,  4.6    ,   0.6  , HARPS_old
   52940.26906    , -0.2    ,   0.4  , HARPS_old
   52945.26432    ,  0.0    ,   0.4  , HARPS_old
   52945.29155    ,  5.2    ,   0.7  , HARPS_old
   52945.29228    ,  4.9    ,   0.6  , HARPS_old
   52945.29300    ,  5.2    ,   0.6  , HARPS_old
   52945.29373    ,  3.8    ,   0.6  , HARPS_old
   52945.29445    ,  5.0    ,   0.6  , HARPS_old
   52946.29175    ,  2.4    ,   0.3  , HARPS_old
   52946.29175    ,  2.4    ,   0.3  , HARPS_old
   52996.14710    ,  7.5    ,   0.6  , HARPS_old
   52996.14780    ,  7.0    ,   0.7  , HARPS_old
   52996.14852    ,  7.4    ,   0.6  , HARPS_old
   52996.14924    ,  7.0    ,   0.6  , HARPS_old
   52996.14995    ,  7.4    ,   0.6  , HARPS_old
   52996.15070    ,  8.4    ,   0.6  , HARPS_old
   52997.15964    ,  6.6    ,   1.1  , HARPS_old
   53031.01917    , -0.8    ,   0.9  , HARPS_old
   53031.01991    ,  1.7    ,   0.6  , HARPS_old
   53031.02062    ,  3.4    ,   0.6  , HARPS_old
   53031.02131    ,  4.0    ,   0.7  , HARPS_old
   53031.02205    ,  1.0    ,   0.7  , HARPS_old
   53031.02277    ,  2.6    ,   0.7  , HARPS_old
   53034.03931    ,  4.0    ,   0.5  , HARPS_old
   53034.04002    ,  3.6    ,   0.5  , HARPS_old
   53034.04145    ,  5.5    ,   0.5  , HARPS_old
   53034.04218    ,  4.5    ,   0.5  , HARPS_old
   53034.04289    ,  3.7    ,   0.5  , HARPS_old
   53040.08625    ,  2.3    ,   0.6  , HARPS_old
   53040.08696    ,  1.5    ,   0.6  , HARPS_old
   53040.08766    ,  2.0    ,   0.6  , HARPS_old
   53040.08838    ,  3.7    ,   0.7  , HARPS_old
   53040.08908    ,  2.6    ,   0.7  , HARPS_old
   53040.08978    ,  1.9    ,   0.6  , HARPS_old
   53040.10532    ,  1.4    ,   0.7  , HARPS_old
   53040.10603    ,  1.6    ,   0.7  , HARPS_old
   53040.10743    ,  0.4    ,   1.0  , HARPS_old
   53040.10818    ,  1.9    ,   0.8  , HARPS_old
   53050.02212    , -0.9    ,   0.6  , HARPS_old
   53050.02277    ,  0.1    ,   0.6  , HARPS_old
   53050.02352    ,  0.3    ,   0.5  , HARPS_old
   53050.02423    ,  0.1    ,   0.5  , HARPS_old
   53050.02495    ,  0.2    ,   0.5  , HARPS_old
   53050.02563    , -0.4    ,   0.5  , HARPS_old
   53056.03226    , -2.5    ,   0.2  , HARPS_old
   53060.05668    , -5.9    ,   0.3  , HARPS_old
   53066.02236    , -4.1    ,   2.1  , HARPS_old
   53066.02309    , -1.8    ,   1.5  , HARPS_old
   53066.02378    , -1.7    ,   1.4  , HARPS_old
   53066.02449    , -3.1    ,   1.5  , HARPS_old
   53066.02521    , -1.9    ,   1.9  , HARPS_old
   53066.02591    , -1.3    ,   1.9  , HARPS_old
   53191.43075    , -2.0    ,   0.9  , HARPS_old
   53191.43170    ,  1.2    ,   0.8  , HARPS_old
   53191.43265    , -1.7    ,   0.8  , HARPS_old
   53191.43356    , -2.8    ,   0.8  , HARPS_old
   53191.43451    ,  0.3    ,   0.8  , HARPS_old
   53191.43544    , -2.2    ,   0.8  , HARPS_old
   53271.37319    , -5.3    ,   0.3  , HARPS_old
   53271.37496    , -5.1    ,   0.4  , HARPS_old
   53271.37675    , -4.6    ,   0.3  , HARPS_old
   53271.37855    , -5.1    ,   0.3  , HARPS_old
   53271.38025    , -5.5    ,   0.3  , HARPS_old
   53271.38201    , -2.8    ,   0.3  , HARPS_old
   53272.38214    , -4.2    ,   0.3  , HARPS_old
   53272.38309    , -2.4    ,   0.4  , HARPS_old
   53272.38398    , -3.7    ,   0.4  , HARPS_old
   53298.36742    ,  0.5    ,   0.4  , HARPS_old
   53298.36840    ,  0.0    ,   0.3  , HARPS_old
   53298.36936    , -0.2    ,   0.3  , HARPS_old
   53298.37029    ,  0.4    ,   0.3  , HARPS_old
   53298.37123    , -0.4    ,   0.3  , HARPS_old
   53298.37217    , -2.8    ,   0.3  , HARPS_old
   53298.37308    ,  1.7    ,   0.4  , HARPS_old
   53298.37402    ,  0.8    ,   0.3  , HARPS_old
   53321.20635    ,  0.0    ,   0.3  , HARPS_old
   53321.20727    , -2.3    ,   0.4  , HARPS_old
   53321.20821    , -2.3    ,   0.4  , HARPS_old
   53321.20912    , -1.7    ,   0.4  , HARPS_old
   53321.21010    , -1.1    ,   0.4  , HARPS_old
   53321.21100    , -2.3    ,   0.4  , HARPS_old
   53321.21197    , -1.7    ,   0.4  , HARPS_old
   53321.21290    , -0.8    ,   0.4  , HARPS_old
   53321.21290    , -0.8    ,   0.4  , HARPS_old
   53347.15146    , -0.5    ,   0.3  , HARPS_old
   53347.15242    , -1.0    ,   0.3  , HARPS_old
   53347.15337    , -0.8    ,   0.3  , HARPS_old
   53347.15429    , -0.9    ,   0.3  , HARPS_old
   53347.15523    , -1.5    ,   0.3  , HARPS_old
   53347.15617    , -2.3    ,   0.3  , HARPS_old
   53347.15711    , -1.8    ,   0.3  , HARPS_old
   53347.15807    , -2.6    ,   0.3  , HARPS_old
   53413.02261    , -0.6    ,   0.4  , HARPS_old
   53413.02353    ,  0.8    ,   0.6  , HARPS_old
   53413.02449    ,  3.3    ,   0.6  , HARPS_old
   53413.02534    ,  2.2    ,   0.6  , HARPS_old
   53413.02643    ,  0.2    ,   1.1  , HARPS_old
   53413.02733    , -0.0    ,   0.5  , HARPS_old
   53413.02826    , -0.5    ,   0.4  , HARPS_old
   53413.02920    , -1.9    ,   0.4  , HARPS_old
   53413.03109    ,  0.1    ,   0.4  , HARPS_old
   53413.03201    , -1.0    ,   0.4  , HARPS_old
   53413.03297    , -1.1    ,   0.4  , HARPS_old
   53413.03391    , -1.4    ,   0.4  , HARPS_old
   53413.03483    , -0.7    ,   0.4  , HARPS_old
   53413.03580    , -1.6    ,   0.4  , HARPS_old
   53413.03672    , -0.2    ,   0.4  , HARPS_old
   53413.03765    , -0.8    ,   0.5  , HARPS_old
   53413.03862    , -0.7    ,   0.6  , HARPS_old
   53413.03956    , -0.6    ,   0.4  , HARPS_old
   53413.04048    , -0.6    ,   0.3  , HARPS_old
   53413.04144    ,  0.2    ,   0.4  , HARPS_old
   53413.04238    , -1.0    ,   0.3  , HARPS_old
   53413.04332    , -1.8    ,   0.3  , HARPS_old
   53442.03114    , -2.7    ,   0.6  , HARPS_old
   53442.03214    , -1.8    ,   0.6  , HARPS_old
   53442.03308    , -1.9    ,   0.6  , HARPS_old
   53442.03407    , -0.6    ,   0.6  , HARPS_old
   53442.03508    , -2.9    ,   0.5  , HARPS_old
   53442.03601    , -2.4    ,   0.7  , HARPS_old
   53442.03697    , -1.3    ,   0.6  , HARPS_old
   53442.03789    , -1.9    ,   0.5  , HARPS_old
   53442.03892    , -1.4    ,   0.5  , HARPS_old
   53624.31459    , -2.3    ,   0.4  , HARPS_old
   53624.31552    , -1.9    ,   0.4  , HARPS_old
   53624.31647    , -1.3    ,   0.4  , HARPS_old
   53624.31740    , -1.3    ,   0.4  , HARPS_old
   53624.31832    , -1.6    ,   0.4  , HARPS_old
   53624.31927    , -2.6    ,   0.4  , HARPS_old
   53624.32020    , -2.2    ,   0.4  , HARPS_old
   53624.32116    , -0.3    ,   0.4  , HARPS_old
   53730.15259    , -0.3    ,   0.3  , HARPS_old
   53730.15353    ,  0.5    ,   0.3  , HARPS_old
   53730.15448    , -0.8    ,   0.3  , HARPS_old
   53730.15540    , -0.8    ,   0.3  , HARPS_old
   53730.15631    , -0.9    ,   0.3  , HARPS_old
   53730.15729    , -2.2    ,   0.3  , HARPS_old
   53730.15822    , -0.7    ,   0.3  , HARPS_old
   53730.15916    , -0.0    ,   0.3  , HARPS_old
   53731.13473    ,  0.2    ,   0.2  , HARPS_old
   53731.13565    ,  0.4    ,   0.2  , HARPS_old
   53731.13660    , -0.2    ,   0.2  , HARPS_old
   53731.13753    ,  0.5    ,   0.3  , HARPS_old
   53731.13939    ,  0.1    ,   0.3  , HARPS_old
   53731.14034    ,  0.1    ,   0.3  , HARPS_old
   53731.14128    ,  0.2    ,   0.3  , HARPS_old
   53732.10512    , -0.3    ,   0.3  , HARPS_old
   53732.10604    , -0.4    ,   0.3  , HARPS_old
   53732.10697    , -0.5    ,   0.3  , HARPS_old
   53732.10793    , -0.3    ,   0.3  , HARPS_old
   53732.10887    ,  0.5    ,   0.3  , HARPS_old
   53732.10979    , -0.6    ,   0.3  , HARPS_old
   53732.11072    , -0.3    ,   0.3  , HARPS_old
   53732.11166    , -0.0    ,   0.3  , HARPS_old
   53766.09374    , -0.7    ,   0.3  , HARPS_old
   53766.09470    , -0.6    ,   0.3  , HARPS_old
   53766.09566    , -0.1    ,   0.3  , HARPS_old
   53766.09662    , -1.4    ,   0.3  , HARPS_old
   53766.09758    ,  0.1    ,   0.3  , HARPS_old
   53766.09858    , -0.4    ,   0.3  , HARPS_old
   53766.09954    , -0.5    ,   0.3  , HARPS_old
   53766.10052    , -0.2    ,   0.3  , HARPS_old
   53766.10146    , -0.8    ,   0.3  , HARPS_old
   53766.10243    , -0.6    ,   0.3  , HARPS_old
   53766.10338    ,  0.0    ,   0.3  , HARPS_old
   53766.10628    , -0.1    ,   0.3  , HARPS_old
   53766.10724    , -1.1    ,   0.3  , HARPS_old
   53766.10822    , -1.0    ,   0.3  , HARPS_old
   53766.10916    , -0.0    ,   0.3  , HARPS_old
   53766.11013    , -0.2    ,   0.3  , HARPS_old
   53766.11111    , -0.7    ,   0.3  , HARPS_old
   53766.11207    , -0.7    ,   0.3  , HARPS_old
   53766.11307    , -0.3    ,   0.3  , HARPS_old
   53766.11401    , -0.9    ,   0.3  , HARPS_old
   53766.11499    , -1.2    ,   0.3  , HARPS_old
   53778.08667    , -1.3    ,   0.3  , HARPS_old
   53778.08763    , -0.6    ,   0.3  , HARPS_old
   53778.08860    , -1.4    ,   0.3  , HARPS_old
   53778.08955    , -1.0    ,   0.3  , HARPS_old
   53778.09051    , -1.1    ,   0.3  , HARPS_old
   53778.09147    , -0.4    ,   0.3  , HARPS_old
   53778.09243    , -1.4    ,   0.3  , HARPS_old
   53778.09342    , -2.0    ,   0.3  , HARPS_old
   53778.10781    ,  0.1    ,   0.3  , HARPS_old
   53778.10877    , -0.8    ,   0.3  , HARPS_old
   53778.10974    , -0.9    ,   0.3  , HARPS_old
   53804.05474    ,  0.4    ,   0.4  , HARPS_old
   53804.05576    ,  0.1    ,   0.4  , HARPS_old
   53804.05674    ,  1.9    ,   0.4  , HARPS_old
   53804.05771    ,  0.8    ,   0.3  , HARPS_old
   53804.06066    ,  1.3    ,   0.4  , HARPS_old
   53804.06164    ,  0.9    ,   0.4  , HARPS_old
   53804.06263    ,  0.8    ,   0.4  , HARPS_old
   53808.99364    , -0.1    ,   0.5  , HARPS_old
   53808.99438    ,  1.1    ,   0.5  , HARPS_old
   53808.99594    ,  1.0    ,   0.5  , HARPS_old
   53808.99670    ,  0.8    ,   0.5  , HARPS_old
   53808.99745    ,  0.9    ,   0.4  , HARPS_old
   53808.99829    ,  1.3    ,   0.5  , HARPS_old
   53808.99903    ,  0.4    ,   0.4  , HARPS_old
   53808.99981    , -2.3    ,   0.5  , HARPS_old
   53809.00057    ,  0.8    ,   0.5  , HARPS_old
   53809.00133    ,  0.3    ,   0.5  , HARPS_old
   53809.00210    ,  0.9    ,   0.4  , HARPS_old
   53809.00368    ,  0.1    ,   0.5  , HARPS_old
   53809.00453    ,  1.0    ,   0.5  , HARPS_old
   53809.00529    , -0.2    ,   0.5  , HARPS_old
   53809.00609    ,  0.3    ,   0.5  , HARPS_old
   53809.00685    , -0.0    ,   0.5  , HARPS_old
   53809.00760    , -0.1    ,   0.4  , HARPS_old
   53809.00837    ,  0.6    ,   0.5  , HARPS_old
   53809.99444    ,  0.3    ,   0.3  , HARPS_old
   53809.99587    , -0.4    ,   0.3  , HARPS_old
   53809.99735    , -0.7    ,   0.2  , HARPS_old
   53809.99878    , -0.7    ,   0.2  , HARPS_old
   53810.00021    ,  0.3    ,   0.2  , HARPS_old
   53810.00165    , -0.9    ,   0.2  , HARPS_old
   53810.00311    , -0.9    ,   0.2  , HARPS_old
   53810.00459    , -0.4    ,   0.2  , HARPS_old
   53810.00603    , -1.0    ,   0.2  , HARPS_old
   53813.99132    , -0.9    ,   0.2  , HARPS_old
   53813.99311    , -1.0    ,   0.2  , HARPS_old
   53813.99496    , -1.0    ,   0.2  , HARPS_old
   53813.99675    , -0.2    ,   0.2  , HARPS_old
   53813.99855    , -1.0    ,   0.2  , HARPS_old
   53815.99995    , -1.2    ,   0.2  , HARPS_old
   53816.00359    , -0.5    ,   0.2  , HARPS_old
   53816.00537    , -1.3    ,   0.2  , HARPS_old
   53816.00717    , -1.1    ,   0.2  , HARPS_old
   53816.00891    , -1.6    ,   0.2  , HARPS_old
   54046.17350    , -0.3    ,   0.3  , HARPS_old
   54046.17447    , -0.1    ,   0.3  , HARPS_old
   54046.17553    ,  0.2    ,   0.3  , HARPS_old
   54046.17650    , -1.1    ,   0.3  , HARPS_old
   54046.17847    ,  0.1    ,   0.3  , HARPS_old
   54046.17948    , -0.7    ,   0.3  , HARPS_old
   54046.18046    , -0.7    ,   0.3  , HARPS_old
   54046.18143    , -1.7    ,   0.3  , HARPS_old
   54046.18244    , -0.5    ,   0.3  , HARPS_old
   54048.30071    , -2.6    ,   0.1  , HARPS_old
   54054.29769    ,  2.2    ,   1.0  , HARPS_old
   54080.19152    , -2.1    ,   0.2  , HARPS_old
   54080.19326    , -2.7    ,   0.2  , HARPS_old
   54080.19502    , -2.0    ,   0.2  , HARPS_old
   54080.19676    , -2.2    ,   0.2  , HARPS_old
   54080.19851    , -2.8    ,   0.3  , HARPS_old
   54080.20025    , -1.4    ,   0.3  , HARPS_old
   54098.10672    ,  2.8    ,   0.4  , HARPS_old
   54098.10764    ,  1.6    ,   0.4  , HARPS_old
   54098.10954    ,  1.8    ,   0.4  , HARPS_old
   54098.11047    ,  1.0    ,   0.4  , HARPS_old
   54098.11140    ,  2.8    ,   0.4  , HARPS_old
   54098.11234    ,  1.0    ,   0.4  , HARPS_old
   54098.11327    ,  0.6    ,   0.4  , HARPS_old
   54134.06844    ,  2.7    ,   0.3  , HARPS_old
   54134.06939    ,  2.7    ,   0.4  , HARPS_old
   54134.07033    ,  2.3    ,   0.4  , HARPS_old
   54134.07126    ,  2.5    ,   0.4  , HARPS_old
   54134.07221    ,  1.8    ,   0.4  , HARPS_old
   54134.07312    ,  2.6    ,   0.4  , HARPS_old
   54134.07408    ,  1.8    ,   0.4  , HARPS_old
   54134.07503    ,  1.8    ,   0.4  , HARPS_old
   54161.09938    ,  2.0    ,   0.8  , HARPS_old
   54161.10036    ,  2.4    ,   0.6  , HARPS_old
   54161.10121    ,  3.0    ,   0.6  , HARPS_old
   54161.10219    ,  2.6    ,   0.7  , HARPS_old
   54161.10309    ,  1.5    ,   0.6  , HARPS_old
   54161.10409    ,  0.9    ,   0.6  , HARPS_old
   54161.10501    ,  2.3    ,   0.6  , HARPS_old
   54161.10595    ,  2.1    ,   0.6  , HARPS_old
   54339.37753    , -2.0    ,   0.4  , HARPS_old
   54339.37849    , -2.0    ,   0.4  , HARPS_old
   54339.37946    , -2.6    ,   0.4  , HARPS_old
   54339.38038    , -3.3    ,   0.4  , HARPS_old
   54339.38130    , -2.5    ,   0.4  , HARPS_old
   54339.38228    , -1.5    ,   0.5  , HARPS_old
   54339.38320    , -2.6    ,   0.5  , HARPS_old
   54339.38418    , -2.7    ,   0.5  , HARPS_old
   54339.38584    , -1.4    ,   0.5  , HARPS_old
   54339.38678    , -3.0    ,   0.5  , HARPS_old
   54339.38774    , -2.6    ,   0.4  , HARPS_old
   54339.38867    , -2.3    ,   0.4  , HARPS_old
   54339.38961    , -3.7    ,   0.4  , HARPS_old
   54339.39054    , -1.5    ,   0.4  , HARPS_old
   54384.32048    ,  2.0    ,   0.4  , HARPS_old
   54384.32145    ,  2.5    ,   0.5  , HARPS_old
   54384.32242    ,  1.2    ,   0.6  , HARPS_old
   54384.32346    , -0.2    ,   0.7  , HARPS_old
   54384.32443    ,  1.0    ,   0.7  , HARPS_old
   54384.32544    ,  1.1    ,   0.7  , HARPS_old
   54384.32645    ,  0.9    ,   0.7  , HARPS_old
   54384.32742    ,  2.3    ,   0.7  , HARPS_old
   54410.19336    ,  1.1    ,   0.3  , HARPS_old
   54410.19432    ,  1.0    ,   0.3  , HARPS_old
   54410.19529    ,  1.6    ,   0.3  , HARPS_old
   54410.19625    , -6.5    ,   0.4  , HARPS_old
   54410.19724    , -1.9    ,   0.3  , HARPS_old
   54410.19821    , -0.6    ,   0.3  , HARPS_old
   54410.19918    , -1.5    ,   0.3  , HARPS_old
   54410.20015    , -2.0    ,   0.3  , HARPS_old
   54410.20113    , -1.1    ,   0.3  , HARPS_old
   54410.20210    , -0.7    ,   0.3  , HARPS_old
   54437.24449    ,  1.9    ,   0.3  , HARPS_old
   54437.24549    ,  1.5    ,   0.3  , HARPS_old
   54437.24649    ,  0.9    ,   0.3  , HARPS_old
   54437.24749    ,  1.3    ,   0.3  , HARPS_old
   54437.24850    ,  2.2    ,   0.3  , HARPS_old
   54437.24951    ,  0.4    ,   0.3  , HARPS_old
   54437.25051    ,  0.9    ,   0.3  , HARPS_old
   54437.25152    ,  1.1    ,   0.3  , HARPS_old
   54512.11533    ,  3.3    ,   0.6  , HARPS_old
   54512.11629    ,  3.5    ,   0.8  , HARPS_old
   54512.11721    ,  5.5    ,   0.7  , HARPS_old
   54512.11819    ,  4.7    ,   0.6  , HARPS_old
   54512.11910    ,  4.3    ,   0.6  , HARPS_old
   54512.12022    ,  4.9    ,   0.5  , HARPS_old
   54512.12102    ,  3.0    ,   0.5  , HARPS_old
   54512.12194    ,  5.5    ,   0.5  , HARPS_old
   54520.05161    , -0.1    ,   0.4  , HARPS_old
   54520.05253    ,  1.4    ,   0.4  , HARPS_old
   54520.05350    ,  0.4    ,   0.4  , HARPS_old
   54520.05444    , -0.9    ,   0.4  , HARPS_old
   54520.05539    ,  1.0    ,   0.4  , HARPS_old
   54520.05633    ,  0.3    ,   0.4  , HARPS_old
   54520.05730    ,  0.3    ,   0.4  , HARPS_old
   54520.05825    , -0.0    ,   0.4  , HARPS_old
   54686.34817    ,  3.2    ,   0.4  , HARPS_old
   54686.34913    ,  5.1    ,   0.4  , HARPS_old
   54686.35008    ,  3.6    ,   0.4  , HARPS_old
   54686.35103    ,  4.7    ,   0.4  , HARPS_old
   54686.35197    ,  5.5    ,   0.4  , HARPS_old
   54686.35292    ,  4.3    ,   0.4  , HARPS_old
   54686.35387    ,  2.5    ,   0.4  , HARPS_old
   54686.35482    ,  3.7    ,   0.4  , HARPS_old
   54686.35578    ,  1.8    ,   0.4  , HARPS_old
   54715.35668    ,  0.0    ,   0.6  , HARPS_old
   54715.35764    , -2.7    ,   0.5  , HARPS_old
   54715.35859    ,  0.3    ,   0.6  , HARPS_old
   54715.35954    ,  0.6    ,   0.5  , HARPS_old
   54715.36048    , -2.4    ,   0.5  , HARPS_old
   54715.36143    , -1.2    ,   0.6  , HARPS_old
   54715.36238    , -1.1    ,   0.5  , HARPS_old
   54715.36334    , -1.0    ,   0.5  , HARPS_old
   54715.36427    , -1.8    ,   0.6  , HARPS_old
   55066.42084    ,  2.5    ,   0.3  , HARPS_old
   55066.42355    ,  3.0    ,   0.4  , HARPS_old
   55066.42636    ,  3.0    ,   0.4  , HARPS_old
   55066.42902    ,  2.4    ,   0.3  , HARPS_old
   55066.42902    ,  2.4    ,   0.3  , HARPS_old
   55066.42902    ,  2.4    ,   0.3  , HARPS_old
   55835.29009    , -0.3    ,   0.2  , HARPS_old
   55835.29278    , -0.5    ,   0.2  , HARPS_old
   55835.29544    , -0.1    ,   0.2  , HARPS_old
   55835.29808    , -0.8    ,   0.2  , HARPS_old
   55838.23136    ,  1.3    ,   0.3  , HARPS_old
   55838.23535    ,  1.2    ,   0.3  , HARPS_old
   55842.31760    , -0.7    ,   0.2  , HARPS_old
   55842.32028    ,  0.6    ,   0.2  , HARPS_old
   55842.32301    ,  0.2    ,   0.2  , HARPS_old
   55874.28796    ,  0.1    ,   0.2  , HARPS_old
   55874.29000    ,  0.5    ,   0.2  , HARPS_old
   55874.29211    ,  0.3    ,   0.2  , HARPS_old
   55874.29422    ,  0.4    ,   0.3  , HARPS_old
   55874.29628    ,  1.1    ,   0.3  , HARPS_old
   55874.29846    ,  0.5    ,   0.3  , HARPS_old
   55878.20079    ,  3.1    ,   0.3  , HARPS_old
   55878.20287    ,  2.7    ,   0.3  , HARPS_old
   55878.20504    ,  2.9    ,   0.3  , HARPS_old
   55878.20711    ,  3.4    ,   0.3  , HARPS_old
   55878.20919    ,  2.8    ,   0.3  , HARPS_old
   55878.21134    ,  3.3    ,   0.4  , HARPS_old
   55880.20596    ,  0.0    ,   0.2  , HARPS_old
   55880.20806    ,  0.0    ,   0.2  , HARPS_old
   55880.21016    ,  1.0    ,   0.2  , HARPS_old
   55880.21227    ,  1.1    ,   0.2  , HARPS_old
   55880.21437    ,  1.1    ,   0.2  , HARPS_old
   55880.21648    ,  0.7    ,   0.2  , HARPS_old
   55892.14546    , -2.3    ,   0.3  , HARPS_old
   55892.14702    , -2.9    ,   0.3  , HARPS_old
   55892.14857    , -2.2    ,   0.3  , HARPS_old
   55892.15009    , -1.2    ,   0.3  , HARPS_old
   55892.15162    , -2.6    ,   0.3  , HARPS_old
   55892.15316    , -2.0    ,   0.3  , HARPS_old
   55892.15467    , -2.8    ,   0.3  , HARPS_old
   55899.17604    , -1.5    ,   0.2  , HARPS_old
   55899.17756    , -2.5    ,   0.2  , HARPS_old
   55899.17910    , -1.7    ,   0.2  , HARPS_old
   55899.18061    , -1.4    ,   0.2  , HARPS_old
   55899.18214    , -1.3    ,   0.2  , HARPS_old
   55901.20904    , -2.0    ,   0.1  , HARPS_old
   55902.28909    ,  2.7    ,   0.7  , HARPS_old
   55902.29004    ,  2.2    ,   0.5  , HARPS_old
   55902.29098    ,  1.1    ,   0.5  , HARPS_old
   55902.29193    ,  0.5    ,   0.5  , HARPS_old
   55902.29385    ,  1.5    ,   0.6  , HARPS_old
   55902.29476    ,  0.4    ,   0.6  , HARPS_old
   55902.29573    ,  2.8    ,   0.6  , HARPS_old
   56189.35470    , -0.9    ,   0.2  , HARPS_old
   56189.36019    , -1.0    ,   0.2  , HARPS_old
   56195.29794    , -1.7    ,   0.2  , HARPS_old
   56195.30183    , -2.6    ,   0.2  , HARPS_old
   56195.30560    , -2.9    ,   0.2  , HARPS_old
   56201.31040    , -0.2    ,   0.3  , HARPS_old
   56201.31309    , -0.2    ,   0.3  , HARPS_old
   56201.31578    , -0.9    ,   0.3  , HARPS_old
   56619.15712    , -2.4    ,   0.3  , HARPS_old
   56619.15891    , -2.6    ,   0.3  , HARPS_old
   56619.16065    , -2.5    ,   0.3  , HARPS_old
   56619.16241    , -2.3    ,   0.3  , HARPS_old
   56619.16416    , -2.9    ,   0.3  , HARPS_old
   56626.24105    , -0.4    ,   0.2  , HARPS_old
   56626.24483    , -0.4    ,   0.2  , HARPS_old
   56626.24866    , -0.3    ,   0.2  , HARPS_old
   56629.22413    ,  1.1    ,   0.3  , HARPS_old
   56629.22622    ,  2.4    ,   0.3  , HARPS_old
   56629.22830    ,  1.5    ,   0.3  , HARPS_old
   56629.23043    ,  1.5    ,   0.3  , HARPS_old
   56629.23252    ,  1.0    ,   0.3  , HARPS_old
   56629.23463    ,  3.0    ,   0.3  , HARPS_old
   56631.18910    ,  1.1    ,   0.3  , HARPS_old
   56631.19456    ,  0.7    ,   0.4  , HARPS_old
   56712.08159    ,  0.3    ,   0.2  , HARPS_old
   56712.08539    ,  0.8    ,   0.2  , HARPS_old
   56712.08923    ,  1.2    ,   0.2  , HARPS_old
   56713.07110    ,  0.6    ,   0.2  , HARPS_old
   56714.06962    ,  2.6    ,   0.3  , HARPS_old
   56714.07395    ,  2.4    ,   0.4  , HARPS_old
   56714.07730    ,  1.7    ,   0.3  , HARPS_old
   56715.06378    ,  1.9    ,   0.3  , HARPS_old
   56715.06589    ,  1.2    ,   0.3  , HARPS_old
   56715.06800    ,  1.2    ,   0.3  , HARPS_old
   56715.07012    ,  1.3    ,   0.3  , HARPS_old
   56715.07213    ,  1.6    ,   0.3  , HARPS_old
   56715.07428    ,  1.0    ,   0.3  , HARPS_old
   56718.05428    ,  2.9    ,   0.4  , HARPS_old
   56718.05638    ,  2.3    ,   0.4  , HARPS_old
   56718.05845    ,  2.8    ,   0.4  , HARPS_old
   56718.06060    ,  3.1    ,   0.4  , HARPS_old
   56718.06270    ,  3.0    ,   0.4  , HARPS_old
   56718.06482    ,  2.6    ,   0.4  , HARPS_old
   56727.02028    , -0.7    ,   0.2  , HARPS_old
   56727.02580    ,  0.1    ,   0.2  , HARPS_old
   56729.99712    ,  1.1    ,   0.2  , HARPS_old
   56730.00099    ,  0.8    ,   0.2  , HARPS_old
   56730.00466    ,  0.8    ,   0.2  , HARPS_old
   56895.37869    ,  0.7    ,   0.2  , HARPS_old
   56895.38256    , -0.4    ,   0.2  , HARPS_old
   56895.38651    , -0.6    ,   0.2  , HARPS_old
   56903.40373    ,  2.7    ,   0.4  , HARPS_old
   56903.40606    ,  1.5    ,   0.3  , HARPS_old
   56903.40871    ,  2.1    ,   0.3  , HARPS_old
   56903.41109    ,  1.7    ,   0.3  , HARPS_old
   56903.41342    ,  1.3    ,   0.3  , HARPS_old
   56927.33174    ,  0.0    ,   0.2  , HARPS_old
   56927.33384    ,  0.6    ,   0.3  , HARPS_old
   56927.33597    , -0.5    ,   0.2  , HARPS_old
   56927.33807    , -0.5    ,   0.2  , HARPS_old
   56927.34020    ,  0.5    ,   0.2  , HARPS_old
   56927.34229    , -0.2    ,   0.2  , HARPS_old
   56929.35275    ,  0.8    ,   0.2  , HARPS_old
   56929.35533    ,  0.8    ,   0.2  , HARPS_old
   56929.35777    ,  0.4    ,   0.2  , HARPS_old
   56929.36027    , -0.6    ,   0.2  , HARPS_old
   56929.36266    , -0.0    ,   0.2  , HARPS_old
   57020.10371    ,  1.1    ,   0.2  , HARPS_old
   57020.10724    ,  1.4    ,   0.2  , HARPS_old
   57020.11073    ,  1.3    ,   0.2  , HARPS_old
   57038.12832    , -3.5    ,   0.2  , HARPS_old
   57038.13038    , -3.3    ,   0.2  , HARPS_old
   57038.13250    , -2.5    ,   0.2  , HARPS_old
   57039.06306    , -4.9    ,   0.3  , HARPS_old
   57039.06410    , -4.1    ,   0.3  , HARPS_old
   57039.06518    , -2.5    ,   0.4  , HARPS_old
   57039.06624    , -3.2    ,   0.3  , HARPS_old
   57039.06730    , -4.4    ,   0.3  , HARPS_old
   57039.06836    , -5.3    ,   0.3  , HARPS_old
   57039.06944    , -6.7    ,   0.3  , HARPS_old
   57039.07049    , -3.6    ,   0.3  , HARPS_old
   57274.36039    , -0.4    ,   0.2  , HARPS_new
   57274.36304    , -0.3    ,   0.2  , HARPS_new
   57274.36567    ,  0.1    ,   0.2  , HARPS_new
   57274.36846    ,  0.0    ,   0.2  , HARPS_new
   57277.34809    ,  0.1    ,   0.2  , HARPS_new
   57277.35020    , -0.1    ,   0.2  , HARPS_new
   57277.35226    , -0.5    ,   0.2  , HARPS_new
   57277.35436    ,  0.0    ,   0.2  , HARPS_new
   57277.35646    ,  0.3    ,   0.2  , HARPS_new
   57277.35857    , -0.1    ,   0.2  , HARPS_new
   57295.32938    ,  0.6    ,   0.3  , HARPS_new
   57295.33066    ,  0.5    ,   0.3  , HARPS_new
   57295.33195    ,  0.7    ,   0.3  , HARPS_new
   57295.33326    ,  1.1    ,   0.3  , HARPS_new
   57295.33452    ,  0.8    ,   0.3  , HARPS_new
   57295.33580    ,  0.4    ,   0.3  , HARPS_new
   57295.33709    ,  1.1    ,   0.3  , HARPS_new
   57295.33837    ,  0.8    ,   0.3  , HARPS_new
   57300.34498    ,  3.1    ,   0.2  , HARPS_new
   57305.35764    ,  2.7    ,   0.3  , HARPS_new
   57305.35974    ,  1.6    ,   0.3  , HARPS_new
   57305.36183    ,  1.8    ,   0.3  , HARPS_new
   57305.36397    ,  2.6    ,   0.3  , HARPS_new
   57305.36604    ,  2.0    ,   0.3  , HARPS_new
   57305.36816    ,  2.2    ,   0.3  , HARPS_new
   57308.31078    ,  1.0    ,   0.3  , HARPS_new
   57308.31227    ,  0.8    ,   0.3  , HARPS_new
   57308.31376    ,  0.6    ,   0.3  , HARPS_new
   57308.31529    ,  0.5    ,   0.3  , HARPS_new
   57308.31680    ,  0.1    ,   0.3  , HARPS_new
   57308.31833    ,  0.6    ,   0.3  , HARPS_new
   57308.31984    ,  0.1    ,   0.4  , HARPS_new
   57308.32138    ,  1.0    ,   0.3  , HARPS_new
   57308.32288    , -0.7    ,   0.3  , HARPS_new
   57327.21667    ,  3.5    ,   0.3  , HARPS_new
   57327.22047    ,  3.4    ,   0.3  , HARPS_new
   57327.22433    ,  3.9    ,   0.3  , HARPS_new
   57327.22433    ,  3.9    ,   0.3  , HARPS_new
   57339.22945    , -1.7    ,   0.2  , HARPS_new
   57339.23349    , -1.6    ,   0.2  , HARPS_new
   57340.21305    , -2.4    ,   0.2  , HARPS_new
   57340.21683    , -3.0    ,   0.2  , HARPS_new
   57341.30793    , -2.0    ,   0.2  , HARPS_new
   57341.31173    , -1.7    ,   0.1  , HARPS_new
   57341.32054    , -0.9    ,   0.2  , HARPS_new
   57341.32054    , -0.9    ,   0.2  , HARPS_new
   57341.32054    , -0.9    ,   0.2  , HARPS_new
   57341.32054    , -0.9    ,   0.2  , HARPS_new
   57341.32054    , -0.9    ,   0.2  , HARPS_new
   57360.22911    ,  0.3    ,   0.2  , HARPS_new
   57360.23294    ,  0.2    ,   0.2  , HARPS_new
   57361.25429    , -0.3    ,   0.2  , HARPS_new
   57361.25810    , -0.5    ,   0.2  , HARPS_new
   57362.25741    , -0.5    ,   0.1  , HARPS_new
   57362.26127    , -0.5    ,   0.1  , HARPS_new
   57391.15942    , -0.6    ,   0.3  , HARPS_new
   57391.16075    ,  0.6    ,   0.3  , HARPS_new
   57391.16204    ,  0.1    ,   0.3  , HARPS_new
   57391.16332    , -0.0    ,   0.2  , HARPS_new
   57391.16459    , -0.1    ,   0.2  , HARPS_new
   57391.16588    ,  0.7    ,   0.2  , HARPS_new
   57391.16716    , -0.5    ,   0.2  , HARPS_new
   57391.16845    ,  0.7    ,   0.2  , HARPS_new
   57391.16974    , -0.0    ,   0.2  , HARPS_new
   57432.08823    , -2.7    ,   0.2  , HARPS_new
   57432.09206    , -2.6    ,   0.2  , HARPS_new
   57432.09590    , -1.8    ,   0.2  , HARPS_new
   57459.01089    , -4.8    ,   0.2  , HARPS_new
   57459.01485    , -4.8    ,   0.2  , HARPS_new
   57459.01851    , -4.7    ,   0.2  , HARPS_new
   57462.99697    , -3.3    ,   0.2  , HARPS_new
   57462.99939    , -4.0    ,   0.2  , HARPS_new
   57463.00185    , -3.6    ,   0.2  , HARPS_new
   57463.00429    , -3.7    ,   0.2  , HARPS_new
   57463.00674    , -3.4    ,   0.2  , HARPS_new
   57470.00315    , -1.5    ,   0.2  , HARPS_new
   57470.00597    , -1.8    ,   0.2  , HARPS_new
   57470.00894    , -1.5    ,   0.2  , HARPS_new
   57470.01186    , -1.0    ,   0.2  , HARPS_new
   57474.98620    ,  0.3    ,   0.3  , HARPS_new
   57474.99006    ,  0.2    ,   0.3  , HARPS_new
   57474.99389    ,  0.0    ,   0.3  , HARPS_new
