2.458439794840000104e+06 -2.082216440816336167e+00 3.075767666084392005e+00
2.458439826150000095e+06 5.737639252154704828e+00 3.530535457806539767e+00
2.458439816829999909e+06 -6.280000385925949002e-01 2.846777790447780898e+00
2.458440768259999808e+06 -7.561042397830878059e+00 2.044253448080749713e+00
2.458440778849999886e+06 6.627914903231911126e+00 2.326719006655303179e+00
2.458440759329999797e+06 6.746985050616504331e+00 1.731810224139675336e+00
2.458441793250000104e+06 -9.417258538422156988e+00 2.264865151917088149e+00
2.458442721239999868e+06 -1.760589387613392676e+00 2.008504772238303815e+00
2.458443845230000094e+06 2.050990045771575510e+00 1.766914737002708957e+00
2.458443706040000077e+06 4.077681108804150689e+00 2.336276815051137046e+00
2.458448709499999881e+06 -4.426488687211594275e+00 2.506649497676527005e+00
2.458448852750000078e+06 -4.677267206942740785e+00 3.458879541236877131e+00
2.458449892599999905e+06 7.116839926725108123e-01 3.343514058595397298e+00
2.458449794120000210e+06 4.159552990208926104e+00 1.781512728036704241e+00
2.458449693820000160e+06 1.070318226987871313e+01 2.223557911807977572e+00
2.458450801400000229e+06 -3.331762099525192866e+00 3.361132346761096734e+00
2.458450702269999776e+06 1.867057578534207174e+00 1.242252523248033480e+00
2.458450898370000068e+06 -1.312196525108299205e+00 2.828050602208403763e+00
2.458451701239999849e+06 -4.342867997662598789e+00 2.086099888082511011e+00
2.458451954460000154e+06 3.993884897000091971e+00 1.816966579641355883e+00
2.458451820950000081e+06 -5.551631874301881098e+00 2.146115707714764564e+00
2.458452787669999991e+06 3.365550500911429932e+00 2.421677056924666616e+00
2.458455933509999886e+06 1.849093156585778774e-01 1.187382276361099942e+00
2.458455806369999889e+06 4.385237233986131855e+00 1.232200059682586391e+00
2.458455696669999976e+06 7.615172625061567224e+00 2.642533169150299344e+00
2.458456780819999985e+06 -9.481710747099421965e+00 1.142295745130140761e+00
2.458456681869999971e+06 7.137427007871577800e+00 2.566577066736080770e+00
2.458456886119999923e+06 -8.471911985134260803e+00 3.112206979602361478e+00
2.458457677070000209e+06 4.174755971063174309e-01 1.509465818674999404e+00
2.458457857650000136e+06 -1.241833305253384978e+00 2.977789218483342104e+00
2.458461687669999897e+06 -7.952064915872162132e+00 3.651105220832391751e+00
2.458461896989999805e+06 1.405185453002731855e+01 1.933630476344895488e+00
2.458461788730000146e+06 -1.905257500600701981e+00 1.875826134050301075e+00
2.458462681909999810e+06 -4.356986763460409806e-01 1.990899430836472916e+00
2.458462884029999841e+06 1.004342135442773509e+00 1.673920058203105743e+00
2.458462777230000123e+06 -1.358408980828949453e+01 2.125502767922732072e+00
2.458464673210000154e+06 -9.651655675053602224e+00 1.636156265762139794e+00
