BJD - 2454833,Corrected Flux,error
2560.743749048, 1.001147462,
2560.764181296, 1.001047968,
2560.784613343, 1.001109107,
2560.805045490, 1.001056055,
2560.825477736, 1.001019624,
2560.845909781, 1.001040340,
2560.866341927, 1.001096576,
2560.886774171, 1.001070749,
2560.907206215, 1.001074150,
2560.927638359, 1.001115237,
2560.948070602, 1.001177909,
2561.009367027, 1.000976992,
2561.029799168, 1.000900200,
2561.050231208, 1.000963573,
2561.070663448, 1.000992020,
2561.091095587, 1.000978062,
2561.111527626, 1.000969637,
2561.131959864, 1.001006756,
2561.152391901, 1.001051594,
2561.172824138, 1.001034192,
2561.193256275, 1.000990961,
2561.234120546, 1.000988717,
2561.254552681, 1.000971450,
2561.274984716, 1.001050465,
2561.295416949, 1.001025714,
2561.315849083, 1.001007018,
2561.336281115, 1.000974946,
2561.356713348, 1.000962025,
2561.377145479, 1.000966385,
2561.397577611, 1.000993287,
2561.418009741, 1.001001632,
2561.438441871, 1.001046422,
2561.479306130, 1.000926268,
2561.499738258, 1.000937342,
2561.520170386, 1.000990719,
2561.540602613, 1.000958730,
2561.561034641, 1.001013139,
2561.581466767, 1.001021403,
2561.601898993, 1.000986865,
2561.622331018, 1.001041176,
2561.642763143, 1.001019085,
2561.663195367, 1.001079459,
2561.683627391, 1.001081440,
2561.724491736, 1.001051871,
2561.744923758, 1.001062699,
2561.765355980, 1.001062102,
2561.785788101, 1.001052724,
2561.806220122, 1.001039207,
2561.826652342, 1.001048986,
2561.847084461, 1.000992991,
2561.887948698, 1.001105962,
2561.908380816, 1.001036774,
2561.928812834, 1.001108856,
2561.969677167, 1.001004893,
2561.990109182, 1.001020952,
2562.010541398, 1.000993026,
2562.030973512, 1.001001624,
2562.051405526, 1.000987253,
2562.071837740, 1.001026450,
2562.092269853, 1.001014386,
2562.112701866, 1.001015315,
2562.133134078, 1.001015429,
2562.153566189, 1.001036349,
2562.173998201, 1.001042079,
2562.214862521, 1.001062391,
2562.235294630, 1.001082111,
2562.255726739, 1.001070882,
2562.276158848, 1.001088484,
2562.296590955, 1.001092288,
2562.317023063, 1.001025156,
2562.337455169, 1.001005919,
2562.357887276, 1.001003068,
2562.378319482, 1.000959113,
2562.398751487, 1.000937024,
2562.419183591, 1.001004305,
2562.460047799, 1.001002703,
2562.480480002, 1.001024285,
2562.500912105, 1.001064195,
2562.521344107, 1.001016778,
2562.541776309, 1.000983583,
2562.562208410, 1.001024943,
2562.582640410, 1.001038564,
2562.603072610, 1.000985831,
2562.623504710, 1.001017338,
2562.643936709, 1.001058285,
2562.664368907, 1.001017791,
2562.705233002, 1.001031206,
2562.725665199, 1.001014874,
2562.746097295, 1.000985329,
2562.766529291, 1.000990495,
2562.786961487, 1.000969556,
2562.807393581, 1.000974344,
2562.827825575, 1.000957994,
2562.848257769, 1.000969094,
2562.868689862, 1.001138493,
2562.889121855, 1.000999243,
2562.909554047, 1.001049082,
2562.950418130, 1.000966356,
2562.970850321, 1.000941141,
2562.991282410, 1.000902625,
2563.011714400, 1.000927981,
2563.032146589, 1.000918350,
2563.052578678, 1.000861676,
2563.073010766, 1.000951063,
2563.093442853, 1.000914647,
2563.113874940, 1.000917111,
2563.134307026, 1.000915538,
2563.154739113, 1.000929104,
2563.195603383, 1.000932863,
2563.216035467, 1.000934368,
2563.236467451, 1.000948154,
2563.256899634, 1.000967236,
2563.277331717, 1.000920512,
2563.297763700, 1.000876456,
2563.318195882, 1.000889460,
2563.338627963, 1.000886497,
2563.359059944, 1.000843592,
2563.379492124, 1.000912379,
2563.399924103, 1.000873186,
2563.440788361, 1.000947403,
2563.461220339, 1.000894652,
2563.481652417, 1.000887604,
2563.502084594, 1.000826286,
2563.522516571, 1.000786113,
2563.542948647, 1.000851092,
2563.563380823, 1.000878279,
2563.583812898, 1.000839651,
2563.604244872, 1.000805022,
2563.624677046, 1.000794615,
2563.645109120, 1.000861101,
2563.685973265, 1.000859521,
2563.706405337, 1.000925393,
2563.726837309, 1.000850277,
2563.747269480, 1.000862900,
2563.767701551, 1.000876698,
2563.788133521, 1.000888600,
2563.808565690, 1.000863490,
2563.828997759, 1.000831519,
2563.849429727, 1.000790465,
2563.869861895, 1.000828588,
2563.890293963, 1.000887845,
2563.931158096, 1.000969865,
2563.951590162, 1.000929357,
2563.972022227, 1.000883009,
2563.992454292, 1.000843242,
2564.012886356, 1.000864491,
2564.033318520, 1.000970230,
2564.053750584, 1.000835751,
2564.074182547, 1.000778781,
2564.094614709, 1.000785272,
2564.115046670, 1.000816928,
2564.135478732, 1.000824074,
2564.176342853, 1.000920239,
2564.196774913, 1.000889226,
2564.217207072, 1.000885521,
2564.237639031, 1.000893184,
2564.258071089, 1.000911835,
2564.278503247, 1.000879756,
2564.298935204, 1.000834160,
2564.319367261, 1.000803848,
2564.339799417, 1.000852250,
2564.360231372, 1.000830885,
2564.380663427, 1.000806171,
2564.421527636, 1.000904328,
2564.441959590, 1.000794049,
2564.462391743, 1.000787405,
2564.482823796, 1.000958866,
2564.503255748, 1.000839038,
2564.523687900, 1.000789794,
2564.544119951, 1.000713254,
2564.564551902, 1.000669561,
2564.584984052, 1.000714534,
2564.605416101, 1.000666126,
2564.625848051, 1.000789285,
2564.666712247, 1.000878512,
2564.687144195, 1.000873390,
2564.707576342, 1.000871440,
2564.728008389, 1.000858508,
2564.748440435, 1.000886100,
2564.768872480, 1.000908024,
2564.789304526, 1.000754817,
2564.809736570, 1.000826528,
2564.830168614, 1.000737304,
2564.850600658, 1.000797546,
2564.871032801, 1.000780764,
2564.932328827, 1.000837309,
2564.952760868, 1.000792064,
2564.973192909, 1.000785899,
2564.993625049, 1.000783984,
2565.014056989, 1.000730862,
2565.034489028, 1.000746333,
2565.054921167, 1.000771923,
2565.075353105, 1.000728919,
2565.095785142, 1.000764779,
2565.116217279, 1.000728273,
2565.157081252, 1.000683184,
2565.177513388, 1.000654316,
2565.197945323, 1.000714133,
2565.218377357, 1.000647473,
2565.238809491, 1.000658216,
2565.259241525, 1.000622295,
2565.279673458, 1.000631033,
2565.300105591, 1.000605651,
2565.320537623, 1.000563866,
2565.340969554, 1.000547258,
2565.361401686, 1.000639943,
2565.402265646, 1.000735636,
2565.422697776, 1.000792660,
2565.443129805, 1.000720284,
2565.463561734, 1.000712624,
2565.483993862, 1.000687854,
2565.504425889, 1.000685734,
2565.524857816, 1.000686231,
2565.545289943, 1.000706859,
2565.565721969, 1.000688764,
2565.586153995, 1.000746150,
2565.606586020, 1.000668109,
2565.647450069, 1.000745441,
2565.667882093, 1.000655488,
2565.688314116, 1.000673863,
2565.708746238, 1.000609785,
2565.729178161, 1.000713099,
2565.749610183, 1.000675180,
2565.770042204, 1.000864240,
2565.790474225, 1.000649429,
2565.810906245, 1.000658905,
2565.831338365, 1.000641093,
2565.851770284, 1.000624091,
2565.892634421, 1.000588419,
2565.913066339, 1.000629435,
2565.933498356, 1.000590099,
2565.953930473, 1.000610753,
2565.974362389, 1.000581025,
2565.994794405, 1.000600709,
2566.015226520, 1.000523450,
2566.035658435, 1.000570674,
2566.056090449, 1.000577007,
2566.076522563, 1.000521639,
2566.096954576, 1.000560828,
2566.137818601, 1.000564805,
2566.158250613, 1.000629099,
2566.178682525, 1.000588161,
2566.199114636, 1.000627802,
2566.219546646, 1.000579601,
2566.239978556, 1.000562328,
2566.260410666, 1.000581649,
2566.280842674, 1.000604795,
2566.301274583, 1.000598070,
2566.321706691, 1.000554645,
2566.342138698, 1.000532660,
2566.383002712, 1.000686319,
2566.403434718, 1.000524590,
2566.423866723, 1.000511186,
2566.444298728, 1.000506634,
2566.464730733, 1.000477217,
2566.485162637, 1.000549314,
2566.505594741, 1.000483672,
2566.546458746, 1.000493200,
2566.566890749, 1.000476861,
2566.587322750, 1.000482896,
2566.628186752, 1.000497181,
2566.648618752, 1.000478503,
2566.669050852, 1.000509962,
2566.689482751, 1.000467849,
2566.709914750, 1.000479643,
2566.730346848, 1.000466575,
2566.750778746, 1.000493285,
2566.771210743, 1.000419110,
2566.812074736, 1.000444270,
2566.832506732, 1.000411922,
2566.893802717, 1.000376109,
2566.914234811, 1.000416856,
2566.934666804, 1.000385214,
2566.955098697, 1.000415155,
2566.975530790, 1.000391343,
2566.995962782, 1.000369964,
2567.016394673, 1.000380651,
2567.036826764, 1.000335618,
2567.057258755, 1.000262100,
2567.077690645, 1.000326999,
2567.118554724, 1.000362513,
2567.138986612, 1.000300274,
2567.159418700, 1.000304877,
2567.179850688, 1.000297020,
2567.200282575, 1.000350046,
2567.220714662, 1.000255718,
2567.241146548, 1.000299546,
2567.261578634, 1.000301921,
2567.282010619, 1.000271775,
2567.302442504, 1.000312163,
2567.322874488, 1.000282736,
2567.363738555, 1.000254056,
2567.384170439, 1.000229328,
2567.404602521, 1.000289364,
2567.425034503, 1.000217959,
2567.445466485, 1.000190340,
2567.465898465, 1.000405767,
2567.486330446, 1.000229341,
2567.506762526, 1.000308221,
2567.527194405, 1.000306977,
2567.547626384, 1.000247067,
2567.568058463, 1.000272837,
2567.608922319, 1.000180649,
2567.629354396, 1.000297487,
2567.649786273, 1.000208577,
2567.670218249, 1.000253182,
2567.690650325, 1.000188507,
2567.711082200, 1.000156763,
2567.731514175, 1.000197462,
2567.751946249, 1.000231890,
2567.772378223, 1.000161115,
2567.792810096, 1.000198765,
2567.833674142, 1.000226342,
2567.854106014, 1.000206969,
2567.874538085, 1.000184281,
2567.894970056, 1.000180165,
2567.915401927, 1.000164866,
2567.935833997, 1.000157495,
2567.956265966, 1.000108274,
2567.976697836, 1.000229611,
2567.997129904, 1.000096608,
2568.017561873, 1.000063682,
2568.037993740, 1.000108975,
2568.058425807, 1.000130174,
2568.099289641, 1.000086980,
2568.119721706, 1.000113691,
2568.140153572, 1.000127998,
2568.160585537, 1.000065317,
2568.181017601, 1.000059652,
2568.201449565, 1.000063227,
2568.221881428, 1.000034919,
2568.242313492, 1.000090355,
2568.262745454, 1.000050197,
2568.283177316, 1.000151251,
2568.303609378, 1.000222996,
2568.344473400, 1.000062367,
2568.364905260, 1.000007466,
2568.385337220, 0.999982239,
2568.405769279, 0.999990768,
2568.426201138, 1.000033300,
2568.446633096, 0.999975127,
2568.467065154, 1.000032600,
2568.487497011, 0.999982155,
2568.507928969, 0.999941649,
2568.528361025, 0.999970209,
2568.589656892, 0.999937830,
2568.610088846, 0.999992997,
2568.630520701, 0.999945825,
2568.650952754, 0.999913646,
2568.671384708, 0.999945368,
2568.691816560, 0.999959610,
2568.712248613, 0.999923788,
2568.732680565, 0.999961589,
2568.753112416, 0.999967290,
2568.773544467, 0.999976791,
2568.793976417, 0.999866785,
2568.834840317, 0.999966089,
2568.855272166, 0.999901465,
2568.875704114, 0.999837823,
2568.896136163, 0.999847385,
2568.916568010, 0.999850490,
2568.936999957, 0.999831463,
2568.957432004, 0.999826991,
2568.977863851, 0.999824381,
2568.998295796, 0.999866778,
2569.018727842, 0.999818512,
2569.039159787, 0.999799354,
2569.080023675, 0.999853043,
2569.100455619, 0.999888854,
2569.120887462, 0.999842448,
2569.141319504, 0.999788234,
2569.161751447, 0.999713146,
2569.182183488, 0.999740775,
2569.202615329, 0.999698788,
2569.223047270, 0.999720315,
2569.243479311, 0.999733458,
2569.263911150, 0.999719867,
2569.284343090, 0.999777637,
2569.325206967, 0.999707578,
2569.406934717, 0.999693706,
2569.427366753, 0.999683127,
2569.447798689, 0.999617520,
2569.468230524, 0.999681663,
2569.488662559, 0.999635738,
2569.509094493, 0.999694352,
2569.549958360, 0.999600769,
2569.570390194, 0.999661100,
2569.590822126, 0.999631439,
2569.611254158, 0.999608280,
2569.631685990, 0.999649456,
2569.652117921, 0.999612457,
2569.672549952, 0.999701713,
2569.692981782, 0.999529593,
2569.713413712, 0.999586523,
2569.733845741, 0.999573891,
2569.754277570, 0.999588468,
2569.774709499, 0.999510584,
2569.815573355, 0.999558645,
2569.836005281, 0.999593067,
2569.856437308, 0.999642329,
2569.876869235, 0.999596720,
2569.897301060, 0.999548766,
2569.917733086, 0.999507699,
2569.938165011, 0.999520048,
2569.958596835, 0.999567349,
2569.979028859, 0.999576968,
2569.999460782, 0.999455822,
2570.019892806, 0.999557751,
2570.060756550, 0.999487712,
2570.081188572, 0.999569220,
2570.101620393, 0.999482146,
2570.122052314, 0.999445874,
2570.142484334, 0.999456741,
2570.162916154, 0.999521885,
2570.183348074, 0.999528010,
2570.203780093, 0.999480400,
2570.224211912, 0.999459057,
2570.244643830, 0.999487161,
2570.265075847, 0.999425960,
2570.305939581, 0.999464983,
2570.326371498, 0.999486219,
2570.346803414, 0.999419689,
2570.367235329, 0.999408162,
2570.387667344, 0.999382126,
2570.408099158, 0.999402826,
2570.428531073, 0.999371673,
2570.448963086, 0.999363324,
2570.469394900, 0.999300984,
2570.489826812, 0.999322842,
2570.510258824, 0.999276350,
2570.530690636, 0.999327390,
2570.551122548, 0.999313134,
2570.571554559, 0.999366684,
2570.591986370, 0.999399460,
2570.612418280, 0.999408392,
2570.632850289, 0.999401368,
2570.653282099, 0.999334651,
2570.673714007, 0.999262020,
2570.694146015, 0.999304163,
2570.714577923, 0.999328481,
2570.735009731, 0.999261898,
2570.755441738, 0.999215386,
2570.796305451, 0.999334747,
2570.816737456, 0.999221406,
2570.837169362, 0.999227822,
2570.857601166, 0.999263657,
2570.878033171, 0.999242512,
2570.898465075, 0.999205473,
2570.918897078, 0.999201725,
2570.939328881, 0.999326193,
2570.959760784, 0.999275461,
2570.980192786, 0.999234059,
2571.000624588, 0.999235408,
2571.021056489, 0.999279006,
2571.041488490, 0.999199577,
2571.061920290, 0.999233423,
2571.082352190, 0.999250494,
2571.102784089, 0.999206389,
2571.123215989, 0.999203569,
2571.143647887, 0.999250361,
2571.164079785, 0.999258669,
2571.184511683, 0.999262697,
2571.204943580, 0.999215514,
2571.225375577, 0.999193343,
2571.245807374, 0.999191121,
2571.286671265, 0.999255533,
2571.307103060, 0.999246623,
2571.327534955, 0.999281485,
2571.347966950, 0.999190214,
2571.368398743, 0.999177053,
2571.388830637, 0.999154528,
2571.409262630, 0.999156581,
2571.429694422, 0.999162301,
2571.450126314, 0.999184717,
2571.470558306, 0.999179280,
2571.490990097, 0.999188388,
2571.511421988, 0.999135497,
2571.531853978, 0.999215383,
2571.552285868, 0.999166044,
2571.572717658, 0.999164996,
2571.593149647, 0.999120709,
2571.613581535, 0.999197384,
2571.634013323, 0.999197404,
2571.654445311, 0.999168140,
2571.674877198, 0.999134261,
2571.695308985, 0.999142045,
2571.715740972, 0.999133506,
2571.736172858, 0.999129943,
2571.777036629, 0.999110234,
2571.797468513, 0.999138917,
2571.817900398, 0.999159921,
2571.838332281, 0.999144935,
2571.858764165, 0.999136635,
2571.879196048, 0.999184183,
2571.899627931, 0.999140214,
2571.920059812, 0.999095542,
2571.940491694, 0.999143156,
2571.960923576, 0.999147364,
2571.981355457, 0.999170040,
2572.001787337, 0.999160170,
2572.022219217, 0.999208268,
2572.042651097, 0.999163254,
2572.063083076, 0.999126614,
2572.083514855, 0.999081017,
2572.103946733, 0.999134843,
2572.124378710, 0.999108242,
2572.144810488, 0.999052345,
2572.165242365, 0.999086702,
2572.185674342, 0.999114471,
2572.206106118, 0.999072019,
2572.226537993, 0.999039833,
2572.267401743, 0.999098557,
2572.287833618, 0.999159121,
2572.308265592, 0.999082818,
2572.328697366, 0.999100644,
2572.349129239, 0.999106575,
2572.369561211, 0.999052172,
2572.389993084, 0.999104567,
2572.410424856, 0.999140472,
2572.430856827, 0.999120176,
2572.451288698, 0.999058555,
2572.471720469, 0.999053239,
2572.512584309, 0.999101967,
2572.533016078, 0.999064143,
2572.553448047, 0.999037550,
2572.573879915, 0.998981624,
2572.594311684, 0.999141195,
2572.614743651, 0.999054545,
2572.635175519, 0.998996732,
2572.655607285, 0.999034570,
2572.676039252, 0.999034494,
2572.696471018, 0.999032759,
2572.716902983, 0.998987704,
2572.778198577, 0.999094132,
2572.798630441, 0.999047026,
2572.819062304, 0.999068710,
2572.839494168, 0.999044724,
2572.859926030, 0.999063131,
2572.880357892, 0.999018731,
2572.900789854, 0.999058982,
2572.921221616, 0.999096468,
2572.941653476, 0.999058291,
2572.962085437, 0.999005747,
2572.982517197, 0.999081385,
2573.002949057, 0.999096630,
2573.023381016, 0.999126888,
2573.043812775, 0.999057669,
2573.064244633, 0.998990177,
2573.084676591, 0.999061746,
2573.105108349, 0.999088037,
2573.125540206, 0.999078277,
2573.145972163, 0.999063146,
2573.166403919, 0.999064304,
2573.186835775, 0.999010692,
2573.207267730, 0.999054074,
2573.227699586, 0.998989631,
2573.248131340, 0.999040011,
2573.268563294, 0.999062485,
2573.288995148, 0.998943135,
2573.309426902, 0.998992157,
2573.329858854, 0.999014983,
2573.350290707, 0.998999236,
2573.370722460, 0.998973491,
2573.391154411, 0.999002327,
2573.432018013, 0.999048324,
2573.452449964, 0.999083638,
2573.493313564, 0.998990507,
2573.513745513, 0.999040573,
2573.534177262, 0.999028674,
2573.554609210, 0.998989933,
2573.575041059, 0.999041745,
2573.595472906, 0.999024710,
2573.615904753, 0.999059400,
2573.636336600, 0.999008380,
2573.656768447, 0.999052975,
2573.677200293, 0.999011789,
2573.697632138, 0.999002756,
2573.718063983, 0.999170473,
2573.738495928, 0.999119468,
2573.758927673, 0.999176847,
2573.779359517, 0.999093084,
2573.799791460, 0.999103975,
2573.820223203, 0.999083064,
2573.840655046, 0.999055349,
2573.861086988, 0.999099623,
2573.881518730, 0.999137358,
2573.901950572, 0.999021294,
2573.922382513, 0.999102368,
2573.942814253, 0.999113087,
2573.963246094, 0.999014018,
2573.983678033, 0.999039235,
2574.004109773, 0.999023938,
2574.024541612, 0.999008964,
2574.044973550, 0.999030251,
2574.065405389, 0.999078301,
2574.085837127, 0.999045690,
2574.106269064, 0.999043910,
2574.126700901, 0.999004377,
2574.167564574, 0.999065128,
2574.187996409, 0.999080269,
2574.228860080, 0.999092784,
2574.249291814, 0.999072809,
2574.269723649, 0.999045819,
2574.290155582, 0.999065379,
2574.310587316, 0.999080503,
2574.331019149, 0.998985433,
2574.351451081, 0.998990564,
2574.371882814, 0.999031419,
2574.392314645, 0.999083514,
2574.412746577, 0.999181520,
2574.433178408, 0.999098482,
2574.453610238, 0.999148781,
2574.474042068, 0.999126088,
2574.494473898, 0.999120025,
2574.514905727, 0.999081123,
2574.535337556, 0.999069432,
2574.576201313, 0.999134520,
2574.596633041, 0.999070781,
2574.617064868, 0.999060080,
2574.637496795, 0.999041726,
2574.657928522, 0.999090434,
2574.678360348, 0.999180905,
2574.739655824, 0.999064476,
2574.760087748, 0.999123037,
2574.780519472, 0.999053819,
2574.800951296, 0.999096042,
2574.821383220, 0.999080291,
2574.841814942, 0.999066403,
2574.862246765, 0.999050853,
2574.882678687, 0.999039282,
2574.903110509, 0.999020696,
2574.923542230, 0.999043333,
2574.943974151, 0.999173620,
2574.964405972, 0.999105399,
2574.984837692, 0.999095615,
2575.005269612, 0.999139159,
2575.025701331, 0.999036759,
2575.046133150, 0.999134519,
2575.066565069, 0.999119490,
2575.086996787, 0.999086472,
2575.107428605, 0.999108866,
2575.127860522, 0.999110465,
2575.148292239, 0.999077028,
2575.209587688, 0.999072212,
2575.230019503, 0.999088014,
2575.250451418, 0.999084019,
2575.270883233, 0.999073493,
2575.291315047, 0.999047501,
2575.311746861, 0.999065672,
2575.332178675, 0.999049340,
2575.352610488, 0.999050811,
2575.373042300, 0.999173419,
2575.393474113, 0.999080931,
2575.413906025, 0.999067322,
2575.434337736, 0.999057340,
2575.454769547, 0.999112428,
2575.475201458, 0.999063445,
2575.495633168, 0.999014461,
2575.516064978, 0.999067981,
2575.536496888, 0.999051605,
2575.556928597, 0.999035913,
2575.577360406, 0.999084204,
2575.597792314, 0.999057369,
2575.618224022, 0.999048502,
2575.638655830, 0.999088161,
2575.659087737, 0.999069963,
2575.679519444, 0.999072655,
2575.699951250, 0.999074080,
2575.720383156, 0.999063585,
2575.740814862, 0.999148100,
2575.761246667, 0.999084725,
2575.781678572, 0.999073333,
2575.802110277, 0.999152156,
2575.822542081, 0.999112919,
2575.842973985, 0.999095842,
2575.863405688, 0.999075971,
2575.883837491, 0.999123675,
2575.904269394, 0.999089599,
2575.945132898, 0.999085205,
2575.965564799, 0.999114232,
2575.985996500, 0.999058982,
2576.006428301, 0.999086539,
2576.026860201, 0.999081445,
2576.047291901, 0.999140397,
2576.067723700, 0.999070574,
2576.088155600, 0.999104766,
2576.108587398, 0.999095804,
2576.129019197, 0.999009718,
2576.149450995, 0.999148531,
2576.169882792, 0.999110507,
2576.190314589, 0.999140560,
2576.210746386, 0.999099562,
2576.231178183, 0.999065605,
2576.251610079, 0.999030801,
2576.272041774, 0.999075330,
2576.292473570, 0.999078309,
2576.312905465, 0.999071363,
2576.333337159, 0.999050484,
2576.353768953, 0.999071909,
2576.374200847, 0.999063773,
2576.394632541, 0.999086655,
2576.415064334, 0.999088896,
2576.435496226, 0.999056881,
2576.455927918, 0.999027714,
2576.476359710, 0.999089601,
2576.496791502, 0.999119504,
2576.517223293, 0.999053082,
2576.537655084, 0.999168871,
2576.558086874, 0.999088172,
2576.578518664, 0.999094771,
2576.619382343, 0.999089198,
2576.639814032, 0.999114817,
2576.701109396, 0.999098381,
2576.721541183, 0.999073786,
2576.741973070, 0.999065852,
2576.762404757, 0.999146558,
2576.782836543, 0.999029560,
2576.803268429, 0.999054483,
2576.823700114, 0.999093572,
2576.844131899, 0.999118789,
2576.864563784, 0.999097370,
2576.884995469, 0.999157255,
2576.905427253, 0.999199346,
2576.925859136, 0.999100542,
2576.946290919, 0.999087691,
2576.966722702, 0.999112940,
2576.987154485, 0.999134988,
2577.007586267, 0.999128786,
2577.028018048, 0.999149675,
2577.048449830, 0.999082462,
2577.068881611, 0.999144620,
2577.089313492, 0.999158272,
2577.109745172, 0.999159236,
2577.130176952, 0.999148410,
2577.150608831, 0.999094940,
2577.171040510, 0.999119461,
2577.191472289, 0.999114361,
2577.211904167, 0.999081051,
2577.232335845, 0.999119342,
2577.252767623, 0.999152085,
2577.273199400, 0.999127871,
2577.293631177, 0.999214109,
2577.314062954, 0.999163137,
2577.334494730, 0.999078826,
2577.354926506, 0.999129586,
2577.375358281, 0.999063222,
2577.416221831, 0.999155551,
2577.436653605, 0.999152888,
2577.457085479, 0.999075557,
2577.477517153, 0.999095020,
2577.497948926, 0.999186411,
2577.518380799, 0.999085178,
2577.538812471, 0.999112514,
2577.559244243, 0.999111471,
2577.579676115, 0.999184611,
2577.600107787, 0.999127097,
2577.620539557, 0.999152978,
2577.640971428, 0.999146232,
2577.661403099, 0.999147589,
2577.681834869, 0.999183763,
2577.702266738, 0.999173586,
2577.722698407, 0.999206395,
2577.743130176, 0.999189592,
2577.763562045, 0.999171480,
2577.783993813, 0.999249755,
2577.804425580, 0.999139981,
2577.845289115, 0.999135691,
2577.865720881, 0.999191864,
2577.886152648, 0.999198092,
2577.906584414, 0.999175473,
2577.927016279, 0.999165772,
2577.947447944, 0.999169049,
2577.967879709, 0.999149532,
2577.988311474, 0.999152198,
2578.029175002, 0.999269869,
2578.049606765, 0.999195437,
2578.070038528, 0.999202865,
2578.090470191, 0.999184803,
2578.110902053, 0.999217408,
2578.151765577, 0.999359472,
2578.172197338, 0.999201440,
2578.192629099, 0.999246703,
2578.213060859, 0.999206434,
2578.233492619, 0.999256740,
2578.253924379, 0.999305634,
2578.274356139, 0.999205963,
2578.294787998, 0.999294036,
2578.315219656, 0.999201148,
2578.335651415, 0.999252094,
2578.356083273, 0.999228360,
2578.376514930, 0.999181634,
2578.396946687, 0.999220509,
2578.417378545, 0.999266136,
2578.437810201, 0.999288188,
2578.458241957, 0.999260700,
2578.478673813, 0.999269539,
2578.499105469, 0.999510032,
2578.519537224, 0.999454949,
2578.539969079, 0.999618919,
2578.560400733, 0.999549922,
2578.580832587, 0.999414140,
2578.601264341, 0.999411814,
2578.642127847, 0.999474823,
2578.662559600, 0.999362121,
2578.682991352, 0.999483975,
2578.703423104, 0.999442791,
2578.723854856, 0.999335621,
2578.744286607, 0.999330328,
2578.764718458, 0.999366600,
2578.785150109, 0.999304898,
2578.805581859, 0.999302301,
2578.826013609, 0.999433083,
2578.846445358, 0.999323292,
2578.866877007, 0.999321948,
2578.887308856, 0.999354623,
2578.907740605, 0.999379749,
2578.928172253, 0.999354737,
2578.948604100, 0.999468462,
2578.969035848, 0.999477515,
2578.989467595, 0.999437257,
2579.009899342, 0.999417462,
2579.030331088, 0.999443848,
2579.050762834, 0.999429321,
2579.071194580, 0.999415099,
2579.091626325, 0.999411951,
2579.112058070, 0.999422092,
2579.132489914, 0.999414616,
2579.152921559, 0.999403122,
2579.173353303, 0.999452961,
2579.193785146, 0.999493569,
2579.214216789, 0.999527801,
2579.255080375, 0.999487011,
2579.275512017, 0.999498493,
2579.295943759, 0.999384521,
2579.316375600, 0.999232274,
2579.336807241, 0.998996015,
2579.377670823, 0.999461989,
2579.398102463, 0.999428658,
2579.418534303, 0.999440286,
2579.438966042, 0.999419271,
2579.459397781, 0.999405917,
2579.479829520, 0.999446874,
2579.500261258, 0.999403242,
2579.520692996, 0.999473991,
2579.541124734, 0.999472397,
2579.561556471, 0.999486201,
2579.581988108, 0.999468915,
2579.602419945, 0.999502247,
2579.622851681, 0.999491459,
2579.643283317, 0.999484576,
2579.663715153, 0.999474914,
2579.684146888, 0.999465379,
2579.704578523, 0.999480263,
2579.725010358, 0.999371278,
2579.765873726, 0.999514810,
2579.786305559, 0.999489316,
2579.806737293, 0.999555705,
2579.827169026, 0.999414487,
2579.868032490, 0.999465931,
2579.888464222, 0.999479398,
2579.908895954, 0.999557677,
2579.929327685, 0.999672703,
2579.949759416, 0.999774805,
2579.970191246, 0.999835461,
2579.990622877, 0.999819452,
2580.011054706, 0.999772309,
2580.031486436, 0.999693021,
2580.051918065, 0.999693101,
2580.072349894, 0.999642712,
2580.092781623, 0.999652239,
2580.113213251, 0.999668782,
2580.133645079, 0.999627379,
2580.154076806, 0.999620798,
2580.194940260, 0.999617992,
2580.215371987, 0.999598654,
2580.235803613, 0.999424856,
2580.256235439, 0.999117520,
2580.276667164, 0.999933197,
2580.297098889, 1.001251897,
2580.317530614, 0.998479302,
2580.358393963, 0.999635045,
2580.378825787, 0.999683594,
2580.399257510, 0.999733473,
2580.419689133, 0.999651805,
2580.440120956, 0.999653055,
2580.460552679, 0.999693724,
2580.480984301, 0.999691328,
2580.501416123, 0.999664003,
2580.521847844, 0.999662621,
2580.542279465, 1.000105206,
2580.562711286, 1.000314921,
2580.603574627, 0.999584457,
2580.624006447, 0.999540510,
2580.644438166, 0.999571821,
2580.664869886, 0.999540382,
2580.685301604, 0.999644603,
2580.705733323, 0.999612472,
2580.726165141, 0.999598933,
2580.746596759, 0.999596158,
2580.767028476, 0.999622460,
2580.787460294, 0.999648712,
2580.807892011, 0.999664511,
2580.828323627, 0.999706360,
2580.848755443, 0.999673815,
2580.869187159, 0.999667570,
2580.889618775, 0.999679226,
2580.910050590, 0.999637728,
2580.930482305, 0.999667525,
2580.950913920, 0.999680357,
2580.971345734, 0.999642176,
2580.991777448, 0.999642126,
2581.012209061, 0.999711378,
2581.032640875, 0.999653098,
2581.053072588, 0.999685060,
2581.093936013, 0.999698496,
2581.114367625, 0.999674254,
2581.134799436, 0.999717726,
2581.155231148, 0.999596415,
2581.175662859, 0.999673604,
2581.196094469, 0.999711567,
2581.216526280, 0.999677989,
2581.236957990, 0.999672472,
2581.257389599, 0.999693593,
2581.277821409, 0.999688059,
2581.298253118, 0.999667973,
2581.318684727, 0.999694499,
2581.339116535, 0.999722702,
2581.359548243, 0.999702718,
2581.379980051, 0.999660460,
2581.400411659, 0.999687797,
2581.420843366, 0.999730062,
2581.441275173, 0.999717892,
2581.461706779, 0.999716833,
2581.482138485, 0.999737674,
2581.502570291, 0.999751291,
2581.523001897, 1.000170097,
2581.543433602, 1.000201931,
2581.584297011, 0.999748100,
2581.604728716, 0.999804444,
2581.625160520, 0.999771342,
2581.645592223, 0.999697167,
2581.666023827, 0.999759519,
2581.686455630, 0.999829053,
2581.706887333, 0.999820225,
2581.727318935, 0.999772467,
2581.747750737, 0.999768704,
2581.768182439, 0.999733651,
2581.788614040, 0.999767700,
2581.809045841, 0.999737138,
2581.829477442, 0.999748137,
2581.849909142, 0.999847715,
2581.870340943, 0.999781276,
2581.890772643, 0.999746650,
2581.911204242, 0.999862828,
2581.931636041, 0.999779826,
2581.972499439, 0.999792510,
2581.992931137, 0.999849563,
2582.013362835, 0.999847607,
2582.033794533, 0.999740869,
2582.074657927, 0.999905503,
2582.095089624, 0.999831186,
2582.115521320, 0.999806569,
2582.135953016, 0.999790569,
2582.156384712, 0.999792097,
2582.176816407, 0.999794974,
2582.197248103, 0.999851224,
2582.217679897, 0.999769178,
2582.238111492, 0.999829112,
2582.258543186, 0.999770844,
2582.278974980, 0.999832860,
2582.319838267, 0.999856117,
2582.340270060, 0.999758832,
2582.360701653, 0.999767575,
2582.381133345, 0.999751671,
2582.401565137, 0.999750812,
2582.421996729, 0.999888003,
2582.442428420, 0.999789361,
2582.483291902, 1.000547412,
2582.503723493, 1.002439312,
2582.524155283, 0.996648030,
2582.565018662, 0.999789703,
2582.585450352, 0.999755649,
2582.605882041, 0.999795442,
2582.626313729, 0.999762709,
2582.646745418, 0.999826219,
2582.667177006, 0.999771296,
2582.687608794, 0.999836114,
2582.708040481, 0.999816424,
2582.728472068, 0.999805162,
2582.748903855, 0.999769134,
2582.769335542, 0.999933470,
2582.810198914, 0.999875107,
2582.830630599, 0.999879320,
2582.851062285, 0.999888971,
2582.871493970, 0.999860938,
2582.891925655, 0.999827795,
2582.912357339, 0.999822136,
2582.932789023, 0.999755372,
2582.953220707, 0.999762369,
2582.973652390, 0.999830243,
2582.994084074, 0.999798296,
2583.014515757, 0.999808106,
2583.034947439, 0.999801452,
2583.055379221, 0.999766227,
2583.075810803, 0.999816374,
2583.096242485, 0.999790528,
2583.116674267, 0.999802794,
2583.137105848, 0.999791316,
2583.157537629, 0.999766060,
2583.177969309, 0.999755400,
2583.198400889, 0.999793865,
2583.218832669, 0.999750985,
2583.239264349, 0.999794676,
2583.259695928, 0.999799739,
2583.300559386, 0.999846823,
2583.320991064, 0.999765402,
2583.341422742, 0.999720097,
2583.361854420, 0.999829210,
2583.382285998, 0.999762197,
2583.402717775, 0.999752586,
2583.423149452, 0.999761287,
2583.443581028, 0.999842542,
2583.464012805, 0.999852998,
2583.484444481, 0.999803090,
2583.525307832, 0.999801040,
2583.545739507, 0.999814949,
2583.566171082, 0.999778798,
2583.586602857, 0.999832109,
2583.607034531, 0.999800664,
2583.627466105, 0.999967258,
2583.647897879, 1.000018766,
2583.668329552, 0.999807432,
2583.688761225, 0.999751302,
2583.709192898, 0.999772118,
2583.729624571, 0.999811610,
2583.790919587, 0.999790793,
2583.811351358, 0.999820511,
2583.831782929, 0.999872652,
2583.852214600, 0.999829015,
2583.872646370, 0.999779203,
2583.893078041, 0.999820407,
2583.913509610, 0.999824305,
2583.933941380, 0.999826420,
2583.954373049, 0.999842634,
2583.974804618, 1.003257506,
2583.995236387, 1.003464654,
2584.015668056, 0.999789570,
2584.036099624, 0.999766786,
2584.056531392, 0.999799601,
2584.076963059, 0.999792501,
2584.097394627, 0.999838276,
2584.117826394, 0.999893271,
2584.138258060, 0.999855308,
2584.158689627, 1.000214844,
2584.179121393, 0.999866547,
2584.199552959, 0.999866433,
2584.219984625, 1.002741588,
2584.240416390, 1.003115804,
2584.281279620, 0.999761232,
2584.301711384, 0.999866026,
2584.322143048, 0.999836723,
2584.342574712, 0.999851578,
2584.363006376, 0.999836374,
2584.383438039, 0.999809761,
2584.403869802, 0.999820179,
2584.424301365, 0.999793598,
2584.444733027, 0.999865626,
2584.465164789, 0.999832163,
2584.485596351, 0.999851307,
2584.526459774, 0.999857445,
2584.546891335, 0.999789316,
2584.567322996, 0.999814276,
2584.587754757, 0.999878253,
2584.608186317, 0.999807809,
2584.628617977, 0.999891103,
2584.649049736, 0.999905747,
2584.669481296, 0.999714017,
2584.689912955, 0.999830083,
2584.710344714, 0.999808345,
2584.730776372, 0.999768314,
2584.751207930, 0.999847021,
2584.771639688, 0.999802876,
2584.792071346, 0.999866827,
2584.812502903, 0.999865236,
2584.832934660, 0.999824569,
2584.853366317, 0.999782966,
2584.873797874, 0.999734322,
2584.894229630, 0.999769901,
2584.914661186, 0.999840353,
2584.935092942, 0.999818639,
2584.955524597, 0.999817152,
2584.975956153, 0.999853035,
2585.016819562, 0.999806515,
2585.037251117, 0.999817207,
2585.057682871, 0.999866843,
2585.078114524, 0.999883857,
2585.098546178, 0.999866536,
2585.118977831, 0.999843818,
2585.139409484, 0.999862115,
2585.159841137, 0.999858276,
2585.180272789, 0.999867133,
2585.200704441, 0.999794718,
2585.221136093, 0.998156729,
2585.261999396, 0.999873845,
2585.282431047, 0.999837160,
2585.302862798, 0.999917389,
2585.323294349, 0.999866883,
2585.343725999, 0.999851160,
2585.364157749, 0.999863004,
2585.384589298, 0.999914402,
2585.405020948, 0.999893929,
2585.425452697, 0.999838200,
2585.445884246, 0.999855776,
2585.466315895, 0.999893042,
2585.507179191, 0.999884302,
2585.527610939, 0.999802496,
2585.548042586, 0.999883397,
2585.568474234, 0.999896492,
2585.588905881, 0.999834690,
2585.609337527, 0.999866842,
2585.629769074, 0.999904768,
2585.650200820, 0.999884846,
2585.670632466, 0.999887883,
2585.691064012, 0.999865963,
2585.711495757, 0.999842823,
2585.731927402, 0.999864166,
2585.752358947, 0.999818619,
2585.772790692, 0.999898183,
2585.793222336, 0.999925682,
2585.813653880, 0.999885797,
2585.834085624, 0.999924230,
2585.854517267, 0.999902991,
2585.874948811, 0.999905307,
2585.895380554, 0.999997964,
2585.915812196, 0.999930716,
2585.936243839, 0.999907036,
2585.956675481, 0.999955052,
2585.977107123, 0.999927364,
2585.997538764, 0.999894878,
2586.017970406, 0.999873382,
2586.038402047, 0.999877670,
2586.058833788, 0.999933172,
2586.079265429, 0.999952009,
2586.099696969, 0.999911410,
2586.120128709, 0.999913558,
2586.140560349, 0.999904557,
2586.160991888, 1.000163962,
2586.181423628, 1.000158076,
2586.201855267, 1.001900168,
2586.242718544, 0.999930895,
2586.263150182, 0.999899977,
2586.283581721, 0.999878761,
2586.304013458, 0.999903507,
2586.324445096, 1.000016652,
2586.344876633, 0.999935791,
2586.365308370, 0.999926460,
2586.385740006, 1.000127281,
2586.406171643, 0.999980291,
2586.426603279, 1.000030822,
2586.447034915, 1.000045911,
2586.487898186, 1.000016409,
2586.508329822, 0.999986925,
2586.528761356, 0.999956075,
2586.549193091, 0.999941898,
2586.569624725, 0.999967305,
2586.590056460, 0.999881819,
2586.610487993, 0.999949555,
2586.630919627, 0.999905384,
2586.651351360, 0.999855319,
2586.671782894, 0.999875291,
2586.692214526, 0.999888597,
2586.712646259, 1.000001672,
2586.733077791, 0.999900827,
2586.753509423, 0.999973478,
2586.773941155, 0.999970167,
2586.794372687, 0.999918492,
2586.814804318, 0.999975211,
2586.835236049, 0.999922298,
2586.855667580, 1.000013232,
2586.876099211, 0.999990147,
2586.896530941, 0.999940756,
2586.916962571, 0.999908738,
2586.937394101, 1.000020896,
2586.957825830, 0.999928405,
2586.978257460, 0.999971283,
2586.998688989, 0.999981099,
2587.019120718, 0.999994538,
2587.039552346, 0.999996134,
2587.059983874, 1.000014447,
2587.080415603, 0.999976632,
2587.100847230, 1.000019100,
2587.121278858, 1.000057442,
2587.141710485, 1.000009883,
2587.162142012, 1.000054826,
2587.182573739, 1.000041155,
2588.449334327, 1.000041610,
2588.469765838, 1.000042170,
2588.490197550, 0.999985957,
2588.510629161, 1.000054330,
2588.531060672, 1.000107372,
2588.551492383, 1.000017121,
2588.571923993, 1.000010936,
2588.592355603, 1.000080067,
2588.612787213, 1.000056581,
2588.633218823, 1.000024332,
2588.653650433, 1.000027118,
2588.674082042, 0.999978375,
2588.694513651, 0.999992524,
2588.714945260, 1.000020409,
2588.735376869, 0.999999519,
2588.755808477, 1.000048494,
2588.776240185, 1.000078479,
2588.796671694, 1.000058068,
2588.817103301, 1.000168536,
2588.837535009, 1.000127355,
2588.857966516, 1.000113468,
2588.878398123, 1.000155211,
2588.898829830, 1.000073942,
2588.919261336, 1.000038613,
2588.939692943, 1.000046671,
2588.960124649, 1.000032124,
2588.980556155, 1.000086956,
2589.000987761, 1.000281147,
2589.021419466, 1.000029442,
2589.041850972, 1.000079243,
2589.062282577, 1.000077202,
2589.082714282, 1.000122756,
2589.123577390, 1.000071276,
2589.144009095, 1.000190653,
2589.184872302, 1.000097322,
2589.205303906, 1.000090768,
2589.225735509, 1.000043424,
2589.246167212, 1.000101839,
2589.266598715, 1.000086032,
2589.287030317, 1.000114107,
2589.307462020, 1.000103346,
2589.327893522, 1.000084543,
2589.348325124, 1.000052549,
2589.368756726, 1.000090868,
2589.430051529, 1.000086604,
2589.450483130, 1.000056846,
2589.470914731, 1.000085520,
2589.491346331, 1.000083450,
2589.511777931, 1.000071713,
2589.532209531, 1.000065874,
2589.552641131, 1.000093013,
2589.573072731, 1.000096461,
2589.593504330, 1.000031692,
2589.613936029, 1.000061602,
2589.634367528, 1.000052798,
2589.654799126, 1.000132848,
2589.675230825, 1.000066338,
2589.695662323, 1.000091801,
2589.716094021, 1.000129170,
2589.736525619, 1.000075070,
2589.756957116, 1.000102587,
2589.777388814, 1.000080348,
2589.797820411, 1.000098896,
2589.818251908, 1.000133683,
2589.838683604, 1.000112301,
2589.859115201, 1.000081368,
2589.879546697, 1.000099966,
2589.899978393, 1.000073907,
2589.920409989, 1.000132762,
2589.940841585, 1.000090122,
2589.961273180, 1.000140476,
2589.981704775, 1.000088207,
2590.002136370, 1.000017765,
2590.022567965, 1.000043956,
2590.042999560, 1.000093794,
2590.063431154, 0.999914603,
2590.083862848, 1.000456256,
2590.104294342, 1.003076054,
2590.124725936, 0.996587758,
2590.165589123, 0.999938059,
2590.186020816, 0.999958810,
2590.206452309, 0.999963979,
2590.226883901, 1.000014887,
2590.247315594, 1.000016660,
2590.267747086, 1.000011479,
2590.288178678, 1.000032222,
2590.308610370, 0.999970125,
2590.329041862, 1.000042321,
2590.349473453, 1.000022895,
2590.369905144, 0.999992865,
2590.410768226, 1.000026995,
2590.431199917, 1.000042129,
2590.451631507, 0.999999209,
2590.472062997, 1.000032077,
2590.492494687, 0.999998906,
2590.512926277, 0.999947763,
2590.533357766, 0.999961670,
2590.553789456, 0.999960178,
2590.574221045, 0.999973342,
2590.594652534, 1.000003718,
2590.615084223, 0.999981053,
2590.635515811, 1.000049921,
2590.655947500, 0.999957099,
2590.676378988, 0.999934353,
2590.696810576, 0.999984338,
2590.717242263, 0.999978245,
2590.737673751, 0.999980126,
2590.758105338, 0.999974666,
2590.778537025, 0.999944617,
2590.798968512, 0.999966489,
2590.819400099, 0.999946471,
2590.839831786, 0.999899578,
2590.860263272, 0.999987345,
2590.880694858, 0.999948893,
2590.901126444, 0.999913119,
2590.921558130, 0.999972132,
2590.941989615, 1.000007479,
2590.962421300, 0.999909300,
2590.982852786, 0.999941378,
2591.003284370, 0.999970660,
2591.023716055, 0.999942014,
2591.044147540, 0.999943628,
2591.064579124, 0.999913846,
2591.085010808, 0.999928029,
2591.105442292, 0.999917633,
2591.391484546, 0.999867571,
2591.411916127, 0.999889542,
2591.432347808, 0.999912762,
2591.452779288, 0.999914664,
2591.473210869, 0.999884359,
2591.493642549, 0.999907234,
2591.514074029, 0.999894621,
2591.534505609, 0.999870652,
2591.554937289, 0.999916823,
2591.575368768, 0.999861063,
2591.595800447, 0.999880159,
2591.616231926, 1.000172762,
2591.636663505, 0.999885043,
2591.657095184, 0.999910835,
2591.677526762, 0.999839982,
2591.697958241, 0.999880781,
2591.718389919, 0.999831159,
2591.738821397, 0.999822224,
2591.759252974, 0.999830281,
2591.779684652, 0.999833656,
2591.800116229, 0.999811952,
2591.820547706, 0.999838124,
2591.881842437, 0.999834857,
2591.902274113, 0.999843038,
2591.922705689, 0.999802415,
2591.943137165, 0.999787455,
2591.963568841, 0.999807252,
2591.984000417, 0.999842472,
2592.004431892, 0.999843202,
2592.024863568, 0.999763881,
2592.045295143, 0.999793913,
2592.065726817, 0.999814783,
2592.086158292, 0.999751092,
2592.106589867, 0.999814037,
2592.127021541, 0.999823405,
2592.147453015, 0.999793783,
2592.167884589, 0.999750140,
2592.188316263, 0.999705171,
2592.208747737, 0.999805932,
2592.229179310, 0.999761332,
2592.249610983, 0.999762498,
2592.270042557, 0.999801511,
2592.290474030, 0.999732558,
2592.310905702, 0.999802370,
2592.331337275, 0.999760809,
2592.372200419, 0.999901646,
2592.392631991, 0.999827488,
2592.413063463, 0.999759913,
2592.433495135, 0.999744256,
2592.453926606, 0.999752646,
2592.474358277, 0.999750941,
2592.494789848, 0.999730838,
2592.515221319, 0.999733822,
2592.535652990, 0.999746555,
2592.556084561, 0.999724612,
2592.576516031, 0.999746590,
2592.617379271, 0.999767844,
2592.637810841, 0.999759764,
2592.658242411, 0.999695948,
2592.678673980, 0.999741657,
2592.699105549, 0.999736237,
2592.719537118, 0.999701367,
2592.739968687, 0.999717286,
2592.760400256, 0.999662419,
2592.780831825, 0.999705032,
2592.801263393, 0.999730181,
2592.821694961, 0.999732767,
2592.842126629, 0.999673477,
2592.862558097, 0.999668737,
2592.882989665, 0.999674799,
2592.903421332, 0.999653531,
2592.923852800, 0.999612286,
2592.944284467, 0.999662459,
2592.964716034, 0.999663512,
2592.985147501, 0.999648242,
2593.005579168, 0.999665730,
2593.026010734, 0.999624733,
2593.046442200, 0.999637776,
2593.066873866, 0.999629497,
2593.087305432, 0.999642517,
2593.107736998, 0.999659586,
2593.128168564, 0.999613930,
2593.148600029, 0.999604598,
2593.169031595, 0.999616695,
2593.189463260, 0.999579210,
2593.209894825, 0.999549723,
2593.230326289, 0.999565808,
2593.250757954, 0.999609399,
2593.271189519, 0.999634723,
2593.291620983, 0.999653550,
2593.312052647, 0.999599231,
2593.332484211, 0.999602435,
2593.352915875, 0.999589915,
2593.373347338, 0.999637158,
2593.393778902, 0.999599317,
2593.414210565, 0.999636614,
2593.434642028, 0.999610636,
2593.455073591, 0.999624830,
2593.475505254, 0.999557961,
2593.495936716, 0.999642881,
2593.516368279, 0.999625679,
2593.536799941, 0.999604171,
2593.557231403, 0.999664647,
2593.577662965, 0.999629547,
2593.598094627, 0.999597358,
2593.618526088, 0.999600578,
2593.638957650, 0.999575455,
2593.659389311, 0.999613136,
2593.679820872, 0.999575680,
2593.700252333, 0.999616586,
2593.720683994, 0.999678354,
2593.741115555, 0.999564867,
2593.761547115, 0.999613448,
2593.781978675, 0.999666386,
2593.802410235, 0.999657070,
2593.822841795, 0.999614931,
2593.843273355, 0.999659694,
2593.863704915, 0.999649660,
2593.884136474, 0.999624445,
2593.904568034, 0.999682529,
2593.924999593, 0.999603398,
2593.945431152, 0.999610383,
2593.965862711, 0.999618495,
2593.986294169, 0.999627238,
2594.006725828, 0.999596527,
2594.027157386, 0.999646661,
2594.047588945, 0.999519148,
2594.088452060, 0.999685717,
2594.108883618, 0.999697251,
2594.190609947, 0.999589505,
2594.211041404, 0.999593691,
2594.231473061, 0.999568464,
2594.251904618, 0.999519294,
2594.272336074, 0.999613966,
2594.292767730, 0.999536605,
2594.354062398, 0.999559175,
2594.374493954, 0.999562822,
2594.394925410, 0.999570730,
2594.415357065, 0.999586687,
2594.435788620, 0.999587925,
2594.456220075, 0.999555292,
2594.476651730, 0.999562950,
2594.497083285, 0.999522667,
2594.517514840, 0.999565168,
2594.537946394, 0.999544452,
2594.558377949, 0.999564891,
2594.578809503, 0.999649220,
2594.599241057, 0.999565788,
2594.619672611, 0.999558283,
2594.640104164, 0.999544528,
2594.660535718, 0.999518476,
2594.680967271, 0.999513634,
2594.701398924, 0.999514602,
2594.721830378, 0.999541830,
2594.742261930, 0.999551542,
2594.762693583, 0.999548957,
2594.783125036, 0.999513928,
2594.803556588, 0.999557253,
2594.823988241, 0.999546577,
2594.844419693, 0.999547523,
2594.864851245, 0.999541499,
2594.885282897, 0.999529402,
2594.905714349, 0.999590643,
2594.926145900, 0.999525916,
2594.946577552, 0.999550453,
2594.967009003, 0.999574164,
2594.987440554, 0.999559484,
2595.007872205, 0.999554818,
2595.028303756, 0.999532818,
2595.048735307, 0.999523530,
2595.069166857, 0.999527226,
2595.089598408, 0.999555142,
2595.110029958, 0.999559744,
2595.130461508, 0.999608946,
2595.150893058, 0.999626480,
2595.171324708, 0.999591258,
2595.191756158, 0.999626692,
2595.212187707, 0.999611094,
2595.232619357, 0.999592930,
2595.253050806, 0.999553694,
2595.273482355, 0.999770916,
2595.314345453, 0.999578426,
2595.334777002, 0.999614907,
2595.355208550, 0.999512567,
2595.375640099, 0.999608511,
2595.396071647, 0.999570864,
2595.416503195, 0.999558176,
2595.436934743, 0.999531539,
2595.457366391, 0.999529884,
2595.477797839, 0.999568033,
2595.498229386, 0.999512586,
2595.518661034, 0.999558495,
2595.539092581, 0.999553843,
2595.559524028, 0.999568631,
2595.579955675, 0.999565043,
2595.600387222, 0.999562778,
2595.620818669, 0.999550757,
2595.641250315, 0.999525194,
2595.661681862, 0.999584953,
2595.682113308, 0.999551923,
2595.702544954, 0.999519480,
2595.722976501, 0.999530828,
2595.743407946, 0.999506505,
2595.763839592, 0.999545747,
2595.784271138, 0.999553393,
2595.804702583, 0.999543183,
2595.825134229, 0.999553429,
2595.865997419, 0.999501211,
2595.886428864, 0.999558588,
2595.906860409, 0.999511545,
2595.927292054, 0.999520167,
2595.947723498, 0.999516777,
2595.968155043, 0.999480062,
2595.988586687, 1.003293294,
2596.009018231, 1.004210034,
2596.049881319, 0.999518841,
2596.070312763, 0.999564816,
2596.090744307, 0.999506075,
2596.111175950, 0.999479457,
2596.131607493, 0.999533042,
2596.152038937, 0.999465807,
2596.172470580, 0.999461347,
2596.192902023, 0.999510290,
2596.213333566, 0.999580262,
2596.233765208, 0.999475872,
2596.254196651, 0.999491110,
2596.295059836, 0.999582682,
2596.315491278, 0.999548150,
2596.335922920, 0.999483813,
2596.356354462, 0.999548560,
2596.376786004, 0.999527883,
2596.397217545, 0.999582594,
2596.417649087, 0.999544727,
2596.438080628, 0.999596553,
2596.458512170, 0.999531978,
2596.478943711, 0.999516520,
2596.499375252, 0.999515422,
2596.540238334, 0.999601809,
2596.560669874, 0.999566800,
2596.581101515, 0.999483643,
2596.601532955, 0.999543602,
2596.621964596, 0.999482457,
2596.642396136, 0.999523367,
2596.662827576, 0.999542974,
2596.683259216, 0.999534811,
2596.703690756, 0.999603429,
2596.724122195, 0.999640729,
2596.744553835, 0.999539703,
2596.764985374, 0.999553017,
2596.785416814, 0.999531456,
2596.805848453, 0.999502706,
2596.826279892, 0.999524777,
2596.846711531, 0.999519481,
2596.867143070, 0.999527774,
2596.887574608, 0.999529370,
2596.908006047, 0.999488592,
2596.928437685, 0.999482993,
2596.948869224, 0.999518738,
2596.969300662, 0.999545827,
2596.989732300, 0.999478517,
2597.010163838, 0.999504968,
2597.030595476, 0.999520990,
2597.051026913, 0.999525197,
2597.071458451, 0.999530695,
2597.091890089, 0.999566916,
2597.112321526, 0.999551492,
2597.132753063, 0.999523413,
2597.153184700, 0.999467397,
2597.173616137, 0.999542711,
2597.194047674, 0.999522131,
2597.214479311, 0.999519925,
2597.234910748, 0.999522070,
2597.255342284, 0.999492566,
2597.275773921, 0.999534376,
2597.296205357, 0.999563100,
2597.316636893, 0.999493149,
2597.337068529, 0.999535785,
2597.357500065, 0.999495862,
2597.377931501, 0.999557711,
2597.398363137, 0.999578762,
2597.418794673, 0.999539504,
2597.439226208, 0.999588030,
2597.459657744, 0.999602282,
2597.480089279, 0.999560147,
2597.500520914, 0.999522421,
2597.520952349, 0.999533584,
2597.541383884, 0.999542730,
2597.561815419, 0.999493836,
2597.582246954, 0.999502858,
2597.602678388, 0.999550543,
2597.623110023, 0.999547508,
2597.643541557, 0.999536138,
2597.663972992, 0.999516832,
2597.684404626, 0.999549349,
2597.704836160, 0.999522430,
2597.725267694, 0.999526988,
2597.745699228, 0.999527670,
2597.766130761, 0.999479267,
2597.786562295, 0.999483890,
2597.806993828, 0.999531808,
2597.847856995, 0.999466015,
2597.868288528, 0.999515684,
2597.888719961, 0.999555325,
2597.909151594, 0.999536432,
2597.929583127, 0.999571397,
2597.950014560, 0.999530676,
2597.970446193, 0.999553737,
2598.011309158, 0.999628314,
2598.031740790, 0.999593924,
2598.052172322, 0.999522853,
2598.072603754, 0.999555503,
2598.093035386, 0.999531938,
2598.113466918, 0.999579361,
2598.133898350, 0.999556226,
2598.154329982, 0.999508629,
2598.174761513, 0.999574399,
2598.195193145, 0.999522172,
2598.256487739, 0.999605521,
2598.276919170, 0.999561808,
2598.297350701, 0.999492317,
2598.317782232, 0.999507918,
2598.338213763, 0.999490386,
2598.358645293, 0.999525237,
2598.379076824, 0.999589127,
2598.399508354, 0.999529538,
2598.419939885, 0.999478469,
2598.440371515, 0.999519385,
2598.460802945, 0.999472390,
2598.481234475, 0.999656055,
2598.501666105, 0.999499115,
2598.522097535, 0.999617449,
2598.542529165, 0.999573766,
2598.562960694, 0.999449837,
2598.583392124, 0.999489884,
2598.603823753, 0.999475786,
2598.624255283, 0.999406293,
2598.644686712, 0.999516089,
2598.665118341, 0.999511119,
2598.685549870, 0.999526902,
2598.705981399, 0.999529720,
2598.726412928, 0.999469967,
2598.746844457, 0.999574647,
2598.767275986, 0.999508631,
2598.787707514, 0.999450098,
2598.808139043, 0.999457901,
2598.828570571, 0.999477256,
2598.849002200, 0.999519965,
2598.869433628, 0.999554609,
2598.889865156, 0.999465303,
2598.910296784, 0.999525019,
2598.930728212, 0.999579187,
2598.951159840, 0.999465317,
2598.971591368, 0.999543930,
2598.992022795, 0.999461938,
2599.012454423, 0.999515609,
2599.032885950, 0.999499087,
2599.053317378, 0.999505578,
2599.073749005, 0.999470032,
2599.094180432, 0.999521342,
2599.114611959, 0.999519238,
2599.135043586, 0.999488167,
2599.155475013, 0.999523662,
2599.175906540, 0.999490511,
2599.196338167, 0.999466555,
2599.216769593, 0.999490034,
2599.237201120, 0.999508757,
2599.257632746, 0.999481515,
2599.278064273, 0.999460364,
2599.298495799, 0.999539467,
2599.318927325, 0.999485056,
2599.339358851, 0.999436646,
2599.359790377, 0.999451380,
2599.380221903, 0.999510216,
2599.400653429, 0.999467731,
2599.421085055, 0.999515890,
2599.441516481, 0.999532248,
2599.461948006, 0.999428796,
2599.482379632, 0.999463449,
2599.502811057, 0.999458317,
2599.523242583, 0.999482482,
2599.543674208, 0.999526713,
2599.564105633, 0.999457180,
2599.584537158, 0.999540379,
2599.604968783, 0.998283244,
2599.625400208, 0.996845854,
2599.666263357, 0.999059161,
2599.686694882, 0.999929675,
2599.727557931, 0.999575418,
2599.747989456, 0.999481716,
2599.768420980, 0.999564149,
2599.788852504, 0.999528299,
2599.809283928, 0.999555953,
2599.829715552, 0.999497219,
2599.850147076, 0.999521954,
2599.870578500, 0.999512682,
2599.891010124, 0.999517482,
2599.911441648, 0.999544247,
2599.931873072, 0.999506077,
2599.952304695, 0.999475243,
2599.972736219, 0.999481808,
2599.993167642, 0.999505341,
2600.013599265, 0.999505875,
2600.034030789, 0.999535101,
2600.054462412, 0.999519264,
2600.074893835, 0.999519657,
2600.095325358, 0.999474592,
2600.115756981, 0.999524251,
2600.136188404, 0.999585012,
2600.156619927, 0.999449970,
2600.238346117, 0.999553540,
2600.258777640, 0.999463319,
2600.279209062, 0.999551617,
2600.299640684, 0.999506191,
2600.320072206, 0.999526678,
2600.340503628, 0.999611058,
2600.360935250, 0.999520410,
2600.381366772, 0.999469438,
2600.401798394, 0.999535616,
2600.422229816, 0.999471048,
2600.442661338, 0.999593533,
2600.463092860, 0.999479069,
2600.483524381, 0.999564412,
2600.503955903, 0.999591682,
2600.524387424, 0.999481948,
2600.544818946, 0.999555205,
2600.565250367, 0.999516251,
2600.585681988, 0.999494050,
2600.606113509, 0.999481673,
2600.626545030, 0.999542676,
2600.646976551, 0.999506055,
2600.667408072, 0.999409487,
2600.687839593, 0.999456596,
2600.708271114, 0.999465303,
2600.728702635, 0.999539968,
2600.749134255, 0.999542294,
2600.769565776, 0.999444693,
2600.789997197, 0.999512089,
2600.810428817, 0.999471044,
2600.830860337, 0.999532204,
2600.851291758, 0.999517748,
2600.871723378, 0.999465085,
2600.892154898, 0.999522678,
2600.912586318, 0.999676489,
2600.933017939, 0.999518637,
2600.953449458, 0.999494653,
2600.973880878, 0.999547453,
2600.994312498, 0.999441418,
2601.014744018, 0.999527066,
2601.035175438, 0.999447117,
2601.055607057, 0.999505285,
2601.076038577, 0.999484019,
2601.096470197, 0.999418740,
2601.116901616, 0.999462571,
2601.137333135, 0.999467320,
2601.157764755, 0.999464394,
2601.178196274, 0.999489280,
2601.198627693, 0.999437699,
2601.219059212, 0.999451778,
2601.239490832, 0.999468588,
2601.259922251, 0.999444381,
2601.280353870, 0.999460774,
2601.300785288, 0.999438321,
2601.321216807, 0.999417679,
2601.341648426, 0.999435971,
2601.362079845, 0.999474118,
2601.382511363, 0.999484743,
2601.402942982, 0.999457379,
2601.423374401, 0.999498181,
2601.443806019, 0.999430087,
2601.464237537, 0.999431610,
2601.484668956, 0.999466998,
2601.505100574, 0.999524894,
2601.525532092, 0.999449155,
2601.545963511, 0.999498021,
2601.566395129, 0.998933851,
2601.586826647, 0.998477654,
2601.607258165, 0.997900066,
2601.627689683, 1.001784488,
2601.648121201, 1.001865776,
2601.688984236, 0.999454732,
2601.709415754, 0.999501935,
2601.729847272, 0.999368599,
2601.750278889, 0.999466143,
2601.770710307, 0.999413348,
2601.791141924, 0.999416102,
2601.811573442, 0.999500674,
2601.832004859, 0.999426332,
2601.852436476, 0.999516059,
2601.872867994, 0.999433168,
2601.893299411, 0.999429139,
2601.913731028, 0.999398964,
2601.934162545, 0.999408107,
2601.954593962, 0.999462360,
2601.975025579, 0.999505154,
2601.995457096, 0.999503199,
2602.015888513, 0.999454142,
2602.036320130, 0.999500386,
2602.056751547, 0.999515936,
2602.077183063, 0.999401855,
2602.097614680, 0.999398431,
2602.118046197, 0.999547566,
2602.138477713, 0.999556173,
2602.179340746, 0.999526084,
2602.199772263, 0.999433927,
2602.220203779, 0.999367676,
2602.240635296, 0.999459814,
2602.261066912, 0.999419069,
2602.281498328, 0.999429426,
2602.301929844, 0.999506894,
2602.322361460, 0.999533897,
2602.342792877, 0.999487355,
2602.363224393, 0.999434921,
2602.383656009, 0.999441089,
2602.404087425, 0.999486077,
2602.424518941, 0.999432641,
2602.444950556, 0.999480996,
2602.465381972, 0.999440715,
2602.485813588, 0.999457805,
2602.506245104, 0.999420146,
2602.526676519, 0.999564863,
2602.547108135, 0.999469146,
2602.567539651, 0.999460884,
2602.587971166, 0.999414426,
2602.608402682, 0.999469599,
2602.628834197, 0.999479256,
2602.649265713, 0.999429398,
2602.669697228, 0.999433607,
2602.690128743, 0.999393646,
2602.710560259, 0.999429722,
2602.730991774, 0.999433804,
2602.751423289, 0.999454172,
2602.771854904, 0.999442274,
2602.792286319, 0.999447946,
2602.812717834, 0.999511304,
2602.833149449, 0.999483103,
2602.853580864, 0.999457117,
2602.894443994, 0.999499210,
2602.914875409, 0.999487611,
2602.935306924, 0.999471876,
2602.955738539, 0.999512992,
2602.976169954, 0.999529775,
2602.996601468, 0.999598463,
2603.017033083, 0.999487159,
2603.037464498, 0.999434436,
2603.057896012, 0.999500687,
2603.078327627, 0.999512121,
2603.098759141, 0.999457338,
2603.119190656, 0.999462408,
2603.160053685, 0.999419859,
2603.180485199, 0.999411390,
2603.200916713, 0.999485789,
2603.221348228, 0.999401428,
2603.241779842, 0.999466948,
2603.262211256, 0.999504781,
2603.282642770, 0.999459045,
2603.303074385, 0.999410390,
2603.323505799, 0.999390310,
2603.343937313, 1.002885704,
2603.364368927, 1.003302464,
2603.384800341, 0.999384080,
2603.405231855, 0.999486305,
2603.425663369, 0.999560585,
2603.446094883, 0.999345039,
2603.466526497, 0.999354360,
2603.486957910, 0.999416164,
2603.507389424, 0.999459945,
2603.527821038, 0.999492260,
2603.548252452, 0.999425673,
2603.568683965, 0.999451994,
2603.589115579, 0.999489304,
2603.609547093, 0.999454744,
2603.650410120, 0.999450007,
2603.670841634, 0.999520414,
2603.691273047, 0.999389661,
2603.711704661, 0.999465778,
2603.732136174, 0.999527921,
2603.752567688, 0.999455501,
2603.772999201, 0.999509662,
2603.793430715, 0.999489725,
2603.813862328, 0.999536870,
2603.834293741, 0.999452575,
2603.854725255, 0.999482582,
2603.895588281, 0.999600898,
2603.916019794, 0.999539766,
2603.936451408, 0.999580181,
2603.956882821, 0.999571296,
2603.977314334, 0.999606876,
2603.997745947, 0.999644648,
2604.038608973, 0.999640175,
2604.059040486, 0.999572226,
2604.079471999, 0.999612684,
2604.099903512, 0.999552849,
2604.140766438, 0.999678205,
2604.161198051, 0.999578219,
2604.181629564, 0.999630314,
2604.202060977, 0.999556067,
2604.222492590, 0.999622007,
2604.242924103, 0.999563096,
2604.263355516, 0.999524032,
2604.283787128, 0.999554511,
2604.324650054, 0.999529481,
2604.345081667, 0.999521729,
2604.365513179, 0.999605428,
2604.385944792, 0.999503522,
2604.406376205, 0.999602373,
2604.426807718, 0.999488971,
2604.447239330, 0.999582459,
2604.467670743, 0.999526924,
2604.488102255, 0.999497347,
2604.508533868, 0.999465852,
2604.528965281, 0.999488307,
2604.549396793, 0.999569096,
2604.569828406, 0.999580531,
2604.590259818, 0.999612495,
2604.631122943, 0.999605268,
2604.651554456, 0.999633947,
2604.671985968, 0.999650212,
2604.692417480, 0.999528524,
2604.712848993, 0.999571762,
2604.733280605, 0.999573090,
2604.774143530, 0.999603087,
2604.794575142, 0.999592891,
2604.815006555, 0.999517062,
2604.835438067, 0.999586816,
2604.855869679, 0.999617063,
2604.876301092, 0.999580844,
2604.896732604, 0.999640171,
2604.917164116, 0.999722458,
2604.937595628, 0.999647371,
2604.958027241, 0.999599693,
2604.978458653, 0.999683061,
2604.998890165, 0.999658989,
2605.019321777, 0.999700213,
2605.039753190, 0.999647796,
2605.060184702, 0.999679786,
2605.080616314, 0.999604959,
2605.121479238, 0.999725625,
2605.141910850, 0.999702066,
2605.162342362, 0.999664151,
2605.182773775, 0.999674907,
2605.203205387, 0.999617467,
2605.223636899, 0.999713882,
2605.244068311, 0.999596833,
2605.264499923, 0.999682348,
2605.284931435, 0.999652844,
2605.305363047, 0.999640771,
2605.325794459, 0.999711758,
2605.366657583, 0.999720518,
2605.387088995, 0.999706532,
2605.407520507, 0.999691008,
2605.427952119, 0.999767996,
2605.448383531, 0.999879589,
2605.468815043, 0.999760649,
2605.489246655, 0.999775096,
2605.509678067, 0.999759582,
2605.530109579, 0.999814148,
2605.550541091, 0.999739057,
2605.570972703, 0.999822702,
2605.611835727, 0.999853948,
2605.632267139, 0.999714004,
2605.652698751, 0.999838835,
2605.673130263, 0.999789465,
2605.693561675, 0.999981675,
2605.713993287, 1.000005684,
2605.754856211, 0.999752858,
2605.775287823, 0.999846803,
2605.795719335, 0.999835816,
2605.816150747, 0.999878132,
2605.857013871, 0.999812768,
2605.877445483, 0.999721614,
2605.897876895, 0.999865708,
2605.918308407, 0.999811768,
2605.938740019, 1.000025143,
2605.959171431, 1.000023735,
2605.979602943, 0.999988562,
2606.000034555, 0.999918367,
2606.020465967, 0.999996997,
2606.040897479, 1.000051426,
2606.061329091, 1.000178221,
2606.122623627, 0.999689385,
2606.143055139, 0.999770371,
2606.163486651, 0.999786639,
2606.183918163, 0.999891274,
2606.204349675, 0.999663641,
2606.224781187, 0.999587983,
2606.245212699, 0.999572317,
2606.265644211, 0.999648551,
2606.286075723, 0.999603875,
2606.326938747, 0.999679083,
2606.347370259, 0.999690323,
2606.367801771, 0.999704544,
2606.388233183, 0.999732620,
2606.408664795, 0.999615656,
2606.429096307, 0.999687425,
2606.449527919, 0.999614126,
2606.469959331, 0.999657318,
2606.490390843, 0.999554578,
2606.510822455, 0.999768241,
2606.531253867, 0.999655782,
2606.551685379, 0.999747803,
2606.592548404, 0.999708168,
2606.612979916, 0.999656814,
2606.633411528, 0.999728622,
2606.653843040, 0.999693118,
2606.674274452, 0.999794698,
2606.694706064, 0.999711581,
2606.715137577, 0.999765893,
2606.735569089, 0.999815263,
2606.756000601, 0.999717095,
2606.776432113, 0.999676246,
2606.796863725, 0.999672812,
2606.837726650, 0.999739089,
2606.858158262, 1.000007773,
2606.878589675, 0.999668931,
2606.899021187, 0.999672712,
2606.919452799, 0.999630854,
2606.939884211, 0.999773417,
2606.960315724, 0.999727862,
2606.980747336, 0.999750791,
2607.001178749, 0.999788032,
2607.021610361, 0.999724260,
2607.042041773, 0.999693826,
2607.082904898, 0.999779148,
2607.103336311, 0.999863929,
2607.123767823, 0.999716704,
2607.144199436, 0.999798727,
2607.164630948, 0.999710391,
2607.185062361, 0.999680731,
2607.205493973, 0.999732327,
2607.225925486, 0.999731504,
2607.246356898, 0.999647800,
2607.266788511, 0.999716356,
2607.328083049, 1.000292893,
2607.348514562, 0.999883971,
2607.368946174, 1.000063947,
2607.389377587, 1.000093176,
2607.409809100, 0.999940943,
2607.430240712, 0.999849119,
2607.450672125, 0.999890712,
2607.471103638, 0.999868870,
2607.491535251, 0.999851005,
2607.511966664, 0.999991696,
2607.532398177, 0.999814595,
2607.573261202, 1.000022561,
2607.593692815, 0.999964792,
2607.614124328, 0.999993818,
2607.634555841, 1.000088511,
2607.654987354, 0.999936891,
2607.675418867, 1.000091755,
2607.695850380, 0.999942818,
2607.716281893, 0.999789895,
2607.736713406, 0.999848698,
2607.757144819, 0.999816284,
2607.777576433, 0.999691022,
2607.818439559, 0.999844699,
2607.859302486, 1.000015656,
2607.879734099, 1.000027780,
2607.900165512, 0.999931884,
2607.920597025, 0.999965759,
2607.941028639, 0.999997355,
2607.961460052, 1.000135449,
2607.981891566, 1.000293431,
2608.002323179, 1.000023128,
2608.084049133, 0.999475645,
2608.104480747, 0.999377518,
2608.124912260, 0.999790104,
2608.145343774, 0.999563702,
2608.165775288, 0.999535101,
2608.186206801, 0.999721141,
2608.206638315, 0.999670629,
2608.227069829, 0.999625459,
2608.247501343, 0.999581961,
2608.267932856, 0.999859642,
2608.308795884, 0.999676563,
2608.349659012, 0.999731128,
2608.370090426, 0.999572850,
2608.390522040, 0.999688046,
2608.410953554, 0.999685894,
2608.431384968, 0.999513302,
2608.451816583, 0.999582485,
2608.472248097, 0.999582054,
2608.492679511, 0.999529704,
2608.513111125, 0.999502935,
2608.553974054, 0.999767184,
2608.574405668, 0.999648052,
2608.594837082, 0.999521137,
2608.615268697, 0.999580948,
2608.635700211, 0.999566912,
2608.656131726, 0.999598189,
2608.676563240, 0.999767990,
2608.696994755, 0.999430788,
2608.717426270, 0.999495277,
2608.737857784, 0.999554822,
2608.758289299, 0.999522288,
2608.799152428, 0.999638402,
2608.819583843, 0.999519779,
2608.840015358, 0.999572544,
2608.860446973, 0.999456768,
2608.880878388, 0.999552419,
2608.901310003, 0.999635865,
2608.921741518, 0.999378740,
2608.942172933, 0.999730648,
2608.962604548, 0.999572238,
2608.983036063, 0.999578483,
2609.003467478, 0.999555388,
2609.044330609, 0.999769279,
2609.064762024, 0.999815993,
2609.085193640, 0.999553518,
2609.105625155, 0.999551320,
2609.126056670, 0.999638376,
2609.146488186, 0.999494136,
2609.166919701, 0.999551892,
2609.187351217, 0.999616296,
2609.207782733, 0.999514126,
2609.228214248, 0.999529065,
2609.248645764, 0.999324788,
2609.289508795, 0.999772676,
2609.309940311, 0.999509241,
2609.330371827, 0.999386757,
2609.350803343, 0.999463923,
2609.371234959, 0.999626693,
2609.391666375, 0.999314773,
2609.412097991, 0.999487759,
2609.432529507, 0.999370073,
2609.452960923, 0.999491515,
2609.473392540, 0.999483913,
2609.493824056, 0.999436030,
2609.534687089, 0.999665333,
2609.555118605, 0.999578980,
2609.575550021, 0.999514504,
2609.595981638, 0.999581354,
2609.616413155, 0.999823907,
2609.636844671, 0.999503679,
2609.657276188, 0.999592545,
2609.677707705, 0.999643983,
2609.698139321, 0.999499109,
2609.718570738, 0.999577854,
2609.779865389, 0.999671180,
2609.800296806, 0.999733139,
2609.820728423, 0.999510195,
2609.841159940, 0.999581691,
2609.861591357, 0.999525659,
2609.882022974, 0.999554496,
2609.902454392, 0.999903321,
2609.922886009, 0.999553332,
2609.943317527, 0.999513826,
2609.963748944, 0.999575070,
2609.984180561, 0.999633939,
2610.045475114, 0.999613099,
2610.065906632, 0.999523812,
2610.086338050, 0.999575642,
2610.106769668, 0.999456106,
2610.127201186, 0.999500605,
2610.147632604, 0.999420900,
2610.168064222, 0.999701428,
2610.188495740, 0.999511162,
2610.208927358, 0.999430800,
2610.229358776, 0.999556719,
2610.270221913, 0.999391694,
2610.290653331, 0.999553822,
2610.311084849, 0.999448333,
2610.331516468, 0.999552835,
2610.351947986, 0.999622125,
2610.372379405, 0.999556177,
2610.392811024, 0.999516188,
2610.413242542, 0.999485689,
2610.433674161, 0.999666168,
2610.454105580, 0.999447130,
2610.474537099, 0.999453665,
2610.515400137, 0.999567330,
2610.597126214, 0.999481510,
2610.617557733, 0.999542154,
2610.637989253, 0.999521583,
2610.658420872, 0.999470359,
2610.678852292, 0.999498086,
2610.699283811, 0.999579276,
2610.719715431, 0.999444419,
2610.760578370, 0.999499671,
2610.781009990, 0.999809228,
2610.801441410, 0.999527959,
2610.821872930, 0.999511869,
2610.842304550, 0.999513844,
2610.862736070, 0.999627523,
2610.883167491, 0.999407678,
2610.903599111, 0.999392174,
2610.924030631, 0.999505121,
2610.944462152, 0.999617777,
2610.964893672, 0.999488010,
2611.005756813, 1.002871459,
2611.026188234, 1.002454109,
2611.046619755, 0.999501011,
2611.067051376, 0.999401512,
2611.087482796, 0.999403724,
2611.107914317, 0.999459749,
2611.128345938, 0.999561760,
2611.148777359, 0.999392428,
2611.169208981, 0.999566559,
2611.189640502, 0.999428581,
2611.210071923, 0.999451408,
2611.250935066, 0.999326790,
2611.271366588, 0.999521306,
2611.291798109, 0.999443079,
2611.312229531, 0.999339343,
2611.332661153, 0.999371688,
2611.353092674, 0.999663708,
2611.373524196, 0.999413338,
2611.393955718, 0.999364958,
2611.414387240, 0.999373572,
2611.434818763, 0.999868306,
2611.455250285, 0.999414516,
2611.496113329, 0.999435100,
2611.516544952, 0.999643684,
2611.536976374, 0.999391274,
2611.557407897, 0.999192519,
2611.577839519, 0.999527128,
2611.598270942, 0.999577505,
2611.618702565, 0.999407573,
2611.639134088, 0.999454925,
2611.659565511, 0.999580307,
2611.679997134, 0.999462633,
2611.741291703, 0.999663712,
2611.761723227, 0.999365473,
2611.782154650, 0.999401852,
2611.802586274, 0.999381653,
2611.823017797, 0.999751340,
2611.843449321, 0.999560868,
2611.863880845, 0.999553069,
2611.884312369, 0.999717743,
2611.904743992, 0.999564200,
2611.925175416, 0.999769472,
2611.945606940, 0.999928050,
2612.006901513, 0.999471013,
2612.027333138, 0.999404214,
2612.068196087, 0.999389759,
2612.088627711, 0.999467260,
2612.109059136, 0.999600127,
2612.129490761, 0.999315161,
2612.149922286, 0.999451560,
2612.170353711, 0.999345113,
2612.190785336, 0.999531429,
2612.231648286, 0.999333153,
2612.252079911, 0.999727274,
2612.272511437, 0.999322655,
2612.292942862, 0.999290875,
2612.313374488, 0.999355141,
2612.333806014, 0.999622528,
2612.354237639, 0.999356616,
2612.374669065, 0.999287404,
2612.395100591, 0.999379802,
2612.415532217, 0.999444845,
2612.435963643, 0.999268948,
2612.476826796, 0.999476135,
2612.497258322, 0.999324909,
2612.517689749, 0.999381651,
2612.538121375, 0.999393458,
2612.558552902, 0.999572431,
2612.578984428, 0.999375814,
2612.599415955, 0.999340600,
2612.619847482, 0.999389344,
2612.660710536, 0.999241817,
2612.722005118, 0.999356970,
2612.742436646, 0.999230944,
2612.762868173, 0.999261083,
2612.783299701, 0.999497149,
2612.803731328, 0.999251952,
2612.824162756, 0.999247063,
2612.844594284, 0.999350324,
2612.865025912, 0.999312036,
2612.885457340, 0.999193407,
2612.905888868, 0.999363603,
2612.926320497, 0.999667667,
2612.967183454, 0.998074779,
2612.987615082, 0.999302676,
2613.008046511, 0.999332124,
2613.048909669, 0.999199076,
2613.069341197, 0.999486174,
2613.089772727, 0.999192811,
2613.130635785, 0.999145446,
2613.151067414, 0.999417933,
2613.171498844, 0.999114321,
2613.191930373, 0.999181582,
2613.212362003, 0.999311385,
2613.232793433, 0.999205867,
2613.253225062, 0.999170202,
2613.273656592, 0.999182227,
2613.294088022, 0.999374754,
2613.314519653, 0.999139860,
2613.355382613, 0.999316123,
2613.375814244, 0.999150273,
2613.396245674, 0.999277505,
2613.416677205, 0.999797842,
2613.457540266, 0.999309824,
2613.477971897, 0.999227252,
2613.498403428, 0.999668862,
2613.518834959, 0.999317442,
2613.539266491, 0.999177796,
2613.559698022, 0.999311471,
2613.580129554, 0.999422298,
2613.600561085, 0.999242201,
2613.620992617, 0.999320049,
2613.641424149, 0.999460371,
2613.661855780, 0.999221943,
2613.702718844, 0.999453434,
2613.723150377, 0.999518565,
2613.743581809, 0.999285238,
2613.764013441, 0.999330311,
2613.784444974, 0.999527548,
2613.804876406, 0.999265727,
2613.845739572, 0.999283719,
2613.866171005, 0.999189690,
2613.886602638, 0.999641295,
2613.947897238, 0.999016632,
2613.968328771, 0.999208838,
2613.988760405, 0.999437476,
2614.009191838, 0.999069279,
2614.029623372, 0.999064955,
2614.050054906, 0.999130843,
2614.070486440, 0.999224807,
2614.090917974, 0.999067099,
2614.111349608, 0.999197317,
2614.131781043, 0.999378267,
2614.152212677, 0.998957031,
2614.193075646, 0.999389366,
2614.213507281, 0.999339041,
2614.233938816, 0.999113577,
2614.254370251, 0.999081934,
2614.274801886, 0.999386400,
2614.295233421, 0.999087702,
2614.315664857, 0.999169680,
2614.336096492, 0.999466132,
2614.356528028, 0.999095662,
2614.376959663, 0.999098714,
2614.397391099, 0.999103820,
2614.438254271, 0.999181923,
2614.458685707, 0.999178361,
2614.479117244, 0.999377399,
2614.499548880, 0.999064188,
2614.519980316, 0.999089474,
2614.540411853, 0.999270607,
2614.560843490, 0.998997165,
2614.581274927, 0.999057872,
2614.601706563, 0.999087581,
2614.622138101, 0.999225951,
2614.642569538, 0.999035551,
2614.683432712, 0.999369717,
2614.703864250, 0.999053249,
2614.724295788, 0.999012908,
2614.744727325, 0.999091466,
2614.765158863, 0.999276116,
2614.785590401, 0.998888071,
2614.806021939, 0.999032716,
2614.826453478, 0.999256618,
2614.846885016, 0.999032476,
2614.887748193, 0.998954548,
2614.928611171, 0.999064440,
2614.949042810, 0.998977128,
2614.969474249, 0.999359313,
2614.989905788, 0.999057699,
2615.010337427, 0.999020325,
2615.030768867, 0.999097383,
2615.051200506, 0.999006516,
2615.071632046, 0.999099728,
2615.092063486, 0.998911578,
2615.112495126, 0.999156718,
2615.132926666, 0.998975226,
2615.173789746, 0.999528225,
2615.194221287, 0.998864666,
2615.214652827, 0.998966464,
2615.235084368, 0.999008306,
2615.255515909, 0.998986717,
2615.275947550, 0.999041313,
2615.296378991, 0.998956440,
2615.316810532, 0.999136848,
2615.337242173, 0.998981570,
2615.357673715, 0.998814438,
2615.378105156, 0.999059891,
2615.418968340, 0.998984123,
2615.439399782, 0.999180382,
2615.459831424, 0.998963175,
2615.480262966, 0.998984910,
2615.500694509, 0.999006444,
2615.521126051, 0.998970295,
2615.541557494, 0.998915846,
2615.561989136, 0.998800218,
2615.582420679, 0.999223180,
2615.602852122, 0.980232080,
2615.664146752, 0.998837498,
2615.684578395, 0.998899554,
2615.705009939, 0.999046895,
2615.725441583, 0.998884122,
2615.745873027, 0.998933349,
2615.766304571, 0.998872861,
2615.807167659, 0.998684112,
2615.827599204, 0.998810434,
2615.848030848, 0.992796846,
2615.909325483, 0.999005914,
2615.929757028, 0.998736133,
2615.950188573, 0.998837908,
2615.970620118, 0.998965956,
2615.991051664, 0.998678591,
2616.011483309, 0.998673912,
2616.031914755, 0.998726469,
2616.052346301, 0.998716800,
2616.072777947, 0.998763208,
2616.093209393, 0.998645851,
2616.113640940, 0.998836560,
2616.154504033, 0.998839243,
2616.174935679, 0.999047761,
2616.195367126, 0.998621845,
2616.215798673, 0.998692096,
2616.236230320, 0.999070193,
2616.256661768, 0.998628533,
2616.277093315, 0.998675839,
2616.297524963, 0.998834888,
2616.317956410, 0.998716951,
2616.338388058, 0.998742504,
2616.358819606, 0.998696728,
2616.399682702, 0.998736066,
2616.420114251, 0.998653088,
2616.440545799, 0.999121898,
2616.460977348, 0.998730538,
2616.481408897, 0.998742931,
2616.501840446, 0.998976460,
2616.522272095, 0.998666133,
2616.542703544, 0.998831244,
2616.563135194, 0.998760062,
2616.583566743, 0.998741648,
2616.603998193, 0.998746512,
2616.644861393, 0.998779046,
2616.665292843, 0.998736055,
2616.685724493, 0.998629905,
2616.706156043, 0.999218237,
2616.726587494, 0.998717977,
2616.747019144, 0.998759003,
2616.767450695, 0.999060880,
2616.787882246, 0.998690359,
2616.808313797, 0.998686022,
2616.828745349, 0.998678688,
2616.849177000, 0.998787410,
2616.890040003, 0.998566619,
2616.910471555, 0.998905376,
2616.930903107, 0.998627173,
2616.951334659, 0.998663364,
2616.971766211, 0.999218811,
2616.992197764, 0.998728447,
2617.012629416, 0.998818450,
2617.033060869, 0.999016649,
2617.053492422, 0.998769278,
2617.073924075, 0.998786213,
2617.094355628, 0.998784182,
2617.135218735, 0.998785567,
2617.155650289, 0.998757334,
2617.176081742, 0.999052537,
2617.196513396, 0.998739611,
2617.237376605, 0.999009476,
2617.278239614, 0.998767119,
2617.298671268, 0.998867035,
2617.319102723, 0.999013973,
2617.339534278, 0.997810584,
2617.380397388, 0.998734697,
2617.400828944, 0.998416419,
2617.421260599, 0.998842654,
2617.441692055, 0.998832412,
2617.462123711, 0.998862605,
2617.482555267, 0.998789040,
2617.502986723, 0.999130670,
2617.523418380, 0.998820020,
2617.543849936, 0.998818014,
2617.564281493, 0.999102406,
2617.625576064, 0.999382411,
2617.646007721, 0.998583970,
2617.666439279, 0.998951813,
2617.686870836, 0.999125456,
2617.707302394, 0.998985792,
2617.727733952, 0.999013182,
2617.748165610, 0.999272805,
2617.768597068, 0.998887528,
2617.789028627, 0.998767407,
2617.809460285, 0.999004948,
2617.829891744, 0.998813092,
2617.870754962, 0.997583356,
2617.891186421, 0.999010794,
2617.911618080, 1.000026692,
2617.932049640, 0.999074602,
2617.972912759, 0.998635880,
2617.993344319, 0.998714997,
2618.013775880, 0.999010418,
2618.034207440, 0.998868356,
2618.054639000, 0.998725282,
2618.075070661, 0.999067674,
2618.095502122, 0.998888041,
2618.115933683, 0.998633824,
2618.136365344, 0.998908551,
2618.156796905, 0.998677485,
2618.177228367, 0.998718366,
2618.197660028, 0.999020135,
2618.218091590, 0.998600179,
2618.238523052, 0.998641049,
2618.258954714, 0.998946982,
2618.279386176, 0.998708884,
2618.299817839, 0.998770801,
2618.320249401, 0.998887482,
2618.361112527, 0.998759435,
2618.381544090, 0.998752057,
2618.401975554, 0.998829433,
2618.422407217, 0.998778921,
2618.442838781, 0.998730214,
2618.463270244, 0.998866030,
2618.483701908, 0.998810860,
2618.504133472, 0.998741746,
2618.544996601, 0.998609365,
2618.565428166, 0.998391873,
2618.606291295, 0.998870391,
2618.626722861, 0.998927245,
2618.647154526, 0.999242136,
2618.667585991, 0.998847779,
2618.688017557, 0.998888386,
2618.708449223, 0.999024536,
2618.728880789, 0.998790201,
2618.749312355, 0.998772726,
2618.769743921, 0.998973366,
2618.790175488, 0.998772844,
2618.810607054, 0.998794611,
2618.851470188, 0.998852944,
2618.871901855, 0.998855887,
2618.892333322, 0.998870258,
2618.912764890, 0.998958885,
2618.933196458, 0.998853430,
2618.953628026, 0.998940738,
2618.974059693, 0.998919771,
2618.994491162, 0.998913583,
2619.014922730, 0.998836309,
2619.035354399, 0.998877824,
2619.055785867, 0.999060474,
2619.096649105, 0.999152086,
2619.117080575, 0.998837998,
2619.137512244, 0.998896736,
2619.157943814, 0.999204454,
2619.178375283, 0.998826461,
2619.198806953, 0.998781147,
2619.219238523, 0.999129177,
2619.239670094, 0.998816113,
2619.260101664, 0.998865084,
2619.280533235, 0.998867654,
2619.300964806, 0.998803920,
2619.341827948, 0.999355002,
2619.362259619, 0.998843789,
2619.382691191, 0.998881577,
2619.403122663, 0.999006115,
2619.423554334, 0.998782520,
2619.443985907, 0.998890649,
2619.464417379, 0.999093541,
2619.484849051, 0.998841189,
2619.505280624, 0.998870464,
2619.525712097, 0.999190232,
2619.546143770, 0.998956991,
2619.587007016, 0.999532042,
2619.607438490, 0.998719819,
2619.627870063, 0.999024762,
2619.648301637, 0.999257428,
2619.668733211, 0.998790834,
2619.689164686, 0.998893496,
2619.709596360, 0.999116815,
2619.730027935, 0.998877325,
2619.750459410, 0.998851862,
2619.770891085, 0.998820299,
2619.791322660, 0.998910111,
2619.832185811, 0.999164403,
2619.852617386, 0.998656419,
2619.873049062, 0.998638665,
2619.893480638, 0.999006163,
2619.913912115, 0.998819339,
2619.934343791, 0.998690213,
2619.954775368, 0.998940312,
2619.975206845, 0.998675761,
2619.995638522, 0.998712940,
2620.016070099, 0.999048403,
2620.036501776, 0.998766184,
2620.077364832, 0.996000357,
2620.097796510, 0.998833294,
2620.118227988, 0.998865094,
2620.159091245, 0.998723874,
2620.179522723, 0.998881638,
2620.199954402, 0.998871486,
2620.220385981, 0.998671555,
2620.240817461, 0.998775303,
2620.261249140, 0.998801797,
2620.281680720, 0.998680007,
2620.302112200, 0.998861082,
2620.322543880, 0.998827227,
2620.342975460, 0.998740598,
2620.363407041, 0.998771520,
2620.383838621, 0.998805773,
2620.404270202, 0.998754212,
2620.424701783, 0.998821610,
2620.445133364, 0.998855689,
2620.465564946, 0.998824087,
2620.485996527, 0.998892099,
2620.506428109, 0.998963485,
2620.526859691, 0.998861960,
2620.567722855, 0.998952276,
2620.588154438, 0.998769679,
2620.608586121, 0.998951714,
2620.629017604, 0.998854826,
2620.649449287, 0.998850978,
2620.669880870, 0.999192839,
2620.690312354, 0.998803695,
2620.710744037, 0.998722814,
2620.731175621, 0.999154888,
2620.751607105, 0.998823914,
2620.772038790, 0.998886986,
2620.812901859, 0.995305173,
2620.833333544, 0.998662381,
2620.853765129, 0.999111359,
2620.874196814, 0.998827942,
2620.894628300, 0.998935469,
2620.915059886, 0.999175612,
2620.935491571, 0.998867934,
2620.955923058, 0.998971474,
2620.976354644, 0.999034673,
2620.996786330, 0.999047040,
2621.017217817, 0.998917714,
2621.058080991, 0.996591438,
2621.078512578, 0.999041563,
2621.098944266, 0.998906396,
2621.119375853, 0.999026884,
2621.139807341, 0.999168051,
2621.160239029, 0.998892746,
2621.180670618, 0.998831539,
2621.201102106, 0.999115989,
2621.221533795, 0.998841221,
2621.241965384, 0.998965420,
2621.262397073, 0.999259746,
2621.303260152, 0.998957376,
2621.323691841, 0.999110039,
2621.344123331, 0.998853206,
2621.364554922, 0.998942951,
2621.384986612, 0.999135238,
2621.405418102, 0.998936277,
2621.425849693, 0.999122798,
2621.446281384, 0.998825386,
2621.466712875, 0.998767184,
2621.487144567, 0.999287367,
2621.507576158, 0.998866697,
2621.548439342, 0.999222224,
2621.568870934, 0.998884164,
2621.589302526, 0.998950520,
2621.609734119, 0.999188632,
2621.630165712, 0.998870814,
2621.650597305, 0.999098013,
2621.671028998, 0.999087112,
2621.691460492, 0.998906364,
2621.711892085, 0.999274699,
2621.732323779, 0.999040971,
2621.752755273, 0.998908216,
2621.793618462, 0.998839218,
2621.814050056, 0.998784007,
2621.834481751, 0.998867645,
2621.854913246, 0.998843193,
2621.875344942, 0.998951356,
2621.895776537, 0.998915593,
2621.916208033, 0.998798614,
2621.936639729, 0.999051835,
2621.957071325, 0.998808314,
2621.977502821, 0.998890437,
2621.997934518, 0.999158049,
2622.038797612, 0.998987762,
2622.059229309, 0.998896461,
2622.079660906, 0.998812571,
2622.100092604, 0.999054964,
2622.120524102, 0.998930350,
2622.140955700, 0.998679617,
2622.161387398, 0.999094865,
2622.202250495, 0.999036984,
2622.222682194, 0.999195523,
2622.243113794, 0.998905744,
2622.263545393, 0.998914220,
2622.283976992, 0.998888488,
2622.304408592, 0.998820744,
2622.324840192, 0.999000835,
2622.345271792, 0.998924212,
2622.365703393, 0.998925437,
2622.386134994, 0.999217737,
2622.406566594, 0.998950225,
2622.426998096, 0.999008968,
2622.447429797, 0.999251986,
2622.467861398, 0.999009602,
2622.488293100, 0.998928690,
2622.529156204, 0.998963511,
2622.549587907, 0.999137405,
2622.570019409, 0.998892065,
2622.590451012, 0.998904820,
2622.610882715, 0.999143026,
2622.631314218, 0.998927713,
2622.651745822, 0.998923038,
2622.672177526, 0.999205484,
2622.692609030, 0.999045431,
2622.713040734, 0.999061464,
2622.733472338, 0.999019218,
2622.774335548, 0.999178305,
2622.794767153, 0.999048101,
2622.815198758, 0.999009698,
2622.835630363, 0.999383511,
2622.856061969, 0.998924069,
2622.876493675, 0.999159958,
2622.896925281, 0.999423057,
2622.917356787, 0.999115073,
2622.937788494, 0.999125752,
2622.958220101, 0.998995787,
2622.978651608, 0.999013311,
2623.019514923, 0.999060641,
2623.039946430, 0.998995717,
2623.060378138, 0.999339001,
2623.080809747, 0.998951881,
2623.101241355, 0.998948423,
2623.121672964, 0.999241182,
2623.142104572, 0.999060606,
2623.162536182, 0.999083583,
2623.182967791, 0.999155841,
2623.203399300, 0.998989469,
2623.223831010, 0.999209103,
2623.264694230, 0.999131637,
2623.285125841, 0.999516724,
2623.305557451, 0.999209255,
2623.325989162, 0.999196967,
2623.346420674, 0.999376234,
2623.366852285, 0.999131623,
2623.387283996, 0.999255705,
2623.407715508, 0.998989357,
2623.428147120, 0.999155993,
2623.448578833, 0.999382101,
2623.469010445, 0.999059666,
2623.509873671, 0.999613923,
2623.530305284, 0.999160140,
2623.550736998, 0.999154631,
2623.571168511, 0.999267079,
2623.591600125, 0.999249155,
2623.612031839, 0.999440901,
2623.632463354, 0.999164275,
2623.652894968, 0.999267139,
2623.673326683, 0.999387491,
2623.693758198, 0.999224305,
2623.714189913, 0.999190974,
2623.755053045, 0.999226586,
2623.775484761, 0.999500646,
2623.795916277, 0.999170784,
2623.816347893, 0.999296691,
2623.836779610, 0.999290229,
2623.857211127, 0.999085496,
2623.877642744, 0.999153393,
2623.898074462, 0.999023867,
2623.918506079, 0.999120648,
2623.938937697, 0.999342097,
2623.959369315, 0.999175310,
2624.000232552, 0.999580305,
2624.020664171, 0.999209734,
2624.041095790, 0.999160267,
2624.061527509, 0.999423424,
2624.081959029, 0.999258758,
2624.102390749, 0.999459475,
2624.122822369, 0.999197111,
2624.143253889, 0.999168407,
2624.163685609, 0.999447318,
2624.184117230, 0.999237573,
2624.204548751, 0.999341762,
2624.245412094, 0.999325228,
2624.265843615, 0.999406205,
2624.286275337, 0.999174611,
2624.306706960, 0.999281414,
2624.327138682, 0.999587723,
2624.347570205, 0.999347500,
2624.368001828, 0.999292886,
2624.388433551, 0.999502744,
2624.408865074, 0.999305859,
2624.429296698, 0.999327715,
2624.449728322, 0.999329199,
2624.490591670, 0.999589815,
2624.511023195, 0.999313254,
2624.531454819, 0.999320424,
2624.551886545, 0.999546878,
2624.592749695, 0.999411017,
2624.613181421, 0.999427973,
2624.633613047, 0.999354599,
2624.654044574, 0.999490332,
2624.674476300, 1.003272937,
2624.694907927, 1.004420853,
2624.735771181, 0.999387802,
2624.756202809, 0.999442257,
2624.776634537, 0.999645475,
2624.797066065, 0.999429219,
2624.817497693, 0.999441556,
2624.837929421, 0.999552724,
2624.858360950, 0.999355422,
2624.878792579, 0.999573156,
2624.899224309, 0.999337570,
2624.919655838, 0.999465509,
2624.940087568, 0.999795471,
2624.980950728, 0.999525508,
2625.001382458, 0.999728664,
2625.021814089, 0.999419350,
2625.042245620, 0.999660615,
2625.062677352, 0.999477106,
2625.083108983, 0.999458176,
2625.103540715, 0.999757545,
2625.123972247, 0.999477155,
2625.144403879, 0.999480576,
2625.164835512, 0.999634194,
2625.185267144, 0.999543591,
2625.226130411, 0.999595689,
2625.246562044, 0.999530566,
2625.266993678, 0.999787631,
2625.287425412, 0.999601045,
2625.307856946, 0.999545939,
2625.328288681, 0.999834031,
2625.348720316, 0.999645386,
2625.369151851, 0.999491499,
2625.389583586, 1.000278793,
2625.410015222, 0.998992172,
2625.430446757, 0.999338776,
2625.471310130, 0.999723182,
2625.491741866, 0.999973347,
2625.512173403, 0.999718109,
2625.532605040, 0.999745543,
2625.553036777, 0.999633280,
2625.573468315, 0.999633044,
2625.593899953, 0.999739098,
2625.634763229, 1.000023665,
2625.655194868, 0.998963145,
2625.675626607, 1.000647073,
2625.736921525, 0.999403859,
2625.757353165, 0.999906274,
2625.777784805, 0.999690308,
2625.798216446, 0.999786863,
2625.818648086, 0.999801552,
2625.839079727, 0.999574114,
2625.859511368, 0.999831658,
2625.879943010, 0.999552176,
2625.900374652, 0.999574217,
2625.920806294, 0.999756089,
2625.961669578, 0.999734163,
2625.982101221, 0.999795538,
2626.002532964, 0.999674527,
2626.022964507, 0.999975641,
2626.043396151, 0.999693418,
2626.063827895, 0.999763110,
2626.084259439, 0.999992861,
2626.104691183, 0.999591980,
2626.125122828, 0.999663694,
2626.145554373, 0.999715238,
2626.165986118, 0.999700571,
2626.206849309, 0.999664967,
2626.227281055, 0.999667038,
2626.247712701, 1.000038339,
2626.268144347, 0.999648342,
2626.288575994, 0.999635611,
2626.309007641, 0.999766399,
2626.329439388, 0.999745589,
2626.349870936, 0.999959295,
2626.370302584, 0.999758009,
2626.390734332, 0.999851722,
2626.411165980, 0.999958975,
2626.452029278, 0.999770902,
2626.472460927, 0.999913924,
2626.492892576, 0.999811232,
2626.513324226, 0.999939668,
2626.533755876, 0.999770104,
2626.554187526, 0.999779293,
2626.574619176, 1.000038409,
2626.595050727, 0.999823827,
2626.615482478, 0.999813980,
2626.635914129, 0.999762086,
2626.656345681, 0.999777074,
2626.697209085, 0.999918673,
2626.717640837, 0.999913460,
2626.738072390, 1.000112235,
2626.758504043, 0.999801766,
2626.778935796, 0.999954325,
2626.799367349, 0.999813695,
2626.819799003, 0.999893187,
2626.840230757, 1.000020627,
2626.860662311, 0.999886134,
2626.881094066, 0.999940888,
2626.901525720, 0.999964523,
2626.942389031, 0.999977051,
2626.962820686, 0.999784028,
2626.983252342, 0.999850033,
2627.003683998, 1.000168182,
2627.024115655, 0.999850875,
2627.044547311, 0.999866789,
2627.064978968, 0.999978154,
2627.085410626, 0.999916314,
2627.105842383, 0.999847657,
2627.126274041, 1.000476242,
2627.187568916, 0.999842287,
2627.208000575, 0.999861653,
2627.228432334, 1.000019610,
2627.248863994, 0.999831048,
2627.269295653, 1.000086324,
2627.289727313, 0.999874277,
2627.310158874, 0.999851901,
2627.351022295, 1.000549755,
2627.371453856, 0.998634591,
2627.432748841, 0.999446327,
2627.453180603, 1.000528342,
2627.473612266, 0.999991164,
2627.494044029, 1.000055584,
2627.514475592, 0.999979372,
2627.534907255, 1.000266044,
2627.555339019, 0.999974497,
2627.575770683, 0.999917718,
2627.596202247, 1.000349997,
2627.616634011, 1.000055884,
2627.637065676, 1.000181500,
2627.677929006, 0.999820125,
2627.698360672, 1.000138338,
2627.718792438, 0.999954741,
2627.739224004, 0.999881331,
2627.759655671, 0.999930984,
2627.780087437, 0.999937703,
2627.800519004, 1.000444746,
2627.841382439, 0.999905520,
2627.861814007, 1.000138470,
2627.882245775, 1.000230928,
2627.902677444, 1.000223116,
2627.923109012, 0.999962277,
2627.943540781, 0.999947100,
2627.963972351, 1.000090927,
2627.984404020, 0.999948974,
2628.004835790, 1.000224376,
2628.025267360, 0.999959361,
2628.045699131, 0.999911683,
2628.066130801, 1.000108872,
2628.086562372, 0.999995333,
2628.106994144, 1.000030363,
2628.127425815, 1.000015387,
2628.168289159, 1.000209171,
2628.188720832, 1.000031099,
2628.209152505, 1.000043750,
2628.229584178, 1.000233746,
2628.250015851, 0.999965768,
2628.270447624, 1.000090146,
2628.290879298, 0.999923543,
2628.311310873, 0.999909533,
2628.331742647, 1.000232401,
2628.352174322, 1.000002765,
2628.372605897, 0.999931294,
2628.413469348, 0.999934709,
2628.433901124, 1.000249020,
2628.454332700, 1.000005432,
2628.474764376, 0.999917135,
2628.495196153, 1.000239730,
2628.515627730, 1.000001446,
2628.536059408, 1.000046012,
2628.556491085, 0.999977141,
2628.576922763, 0.999947091,
2628.597354442, 1.000231329,
2628.617786120, 0.999982928,
2628.658649578, 1.000073423,
2628.679081157, 0.999952869,
2628.699512837, 1.000207174,
2628.719944617, 1.000006863,
2628.740376197, 0.999976175,
2628.760807878, 1.000204559,
2628.781239659, 0.999880839,
2628.801671340, 0.999959004,
2628.822103022, 0.999992515,
2628.842534703, 0.999938681,
2628.862966386, 1.000129430,
2628.903829751, 1.000069685,
2628.924261434, 1.000280209,
2628.944693217, 0.999884576,
2628.965124800, 1.000272305,
2628.985556484, 0.999959068,
2629.005988268, 0.999986541,
2629.026419853, 1.000133749,
2629.046851638, 0.999965302,
2629.067283323, 1.000210232,
2629.087714908, 0.999969916,
2629.108146694, 0.999926734,
2629.149009966, 0.999924738,
2629.169441752, 1.000125127,
2629.189873439, 1.000008893,
2629.210305026, 0.999947910,
2629.230736814, 1.000319445,
2629.251168502, 0.999876780,
2629.271600290, 1.000096523,
2629.292031878, 1.000037534,
2629.312463567, 0.999932222,
2629.332895256, 1.000189756,
2629.353326945, 1.000056035,
2629.394190324, 1.000357818,
2629.414622014, 0.999991816,
2629.435053805, 1.000369092,
2629.455485496, 1.000141434,
2629.475917087, 1.000010531,
2629.496348878, 1.000088032,
2629.516780570, 1.000028067,
2629.537212162, 1.000241463,
2629.557643954, 0.999962884,
2629.578075647, 1.000098054,
2629.598507240, 1.000036942,
2629.639370726, 1.000224455,
2629.659802520, 0.999898325,
2629.680234114, 0.999912237,
2629.700665809, 0.999980983,
2629.721097603, 0.999875487,
2629.741529198, 1.000368111,
2629.761960894, 0.999982448,
2629.782392689, 0.999885061,
2629.802824285, 0.999897564,
2629.823256082, 0.999813197,
2629.843687778, 1.000027721,
2629.884551172, 0.999904652,
2629.904982870, 1.000138012,
2629.925414567, 0.999842185,
2629.945846266, 1.000228734,
2629.966277964, 0.999878553,
2629.986709663, 0.999880217,
2630.007141362, 1.000158751,
2630.027573061, 0.999876073,
2630.048004761, 1.000060417,
2630.068436461, 0.999935869,
2630.088868161, 0.999873445,
2630.129731562, 0.999817639,
2630.150163264, 0.999895538,
2630.170595065, 0.999852954,
2630.191026667, 0.999813773,
2630.211458469, 1.000097241,
2630.231890171, 0.999760020,
2630.252321774, 0.999898619,
2630.272753577, 0.999805690,
2630.293185281, 0.999808400,
2630.313616884, 1.000088083,
2630.334048688, 0.999818871,
2630.374911997, 0.999911637,
2630.395343802, 0.999720534,
2630.415775508, 0.999928342,
2630.436207313, 0.999779256,
2630.456638919, 0.999859905,
2630.477070625, 1.000098242,
2630.497502432, 0.999805239,
2630.517934039, 0.999994412,
2630.538365746, 0.999883035,
2630.558797553, 0.999913315,
2630.579229261, 1.000070116,
2630.620092678, 0.999801257,
2630.640524386, 0.999831326,
2630.660956095, 0.999761175,
2630.681387805, 1.000186715,
2630.701819414, 0.999855952,
2630.722251224, 0.999913315,
2630.742682935, 0.999942784,
2630.763114545, 0.999831893,
2630.783546356, 1.000349139,
2630.803978068, 0.999832551,
2630.824409879, 0.999911857,
2630.865273204, 0.999799459,
2630.885705016, 1.000193038,
2630.906136629, 0.999949254,
2630.926568342, 0.999913359,
2630.947000156, 0.999972771,
2630.967431769, 0.999800675,
2630.987863584, 1.000062896,
2631.008295298, 0.999856785,
2631.028726913, 0.999904632,
2631.049158728, 0.999950839,
2631.069590443, 0.999863046,
2631.110453875, 0.999827934,
2631.130885592, 0.999911069,
2631.151317408, 1.000152322,
2631.171749026, 0.999963383,
2631.192180743, 1.000028142,
2631.212612561, 0.999882496,
2631.233044279, 0.999854521,
2631.253475897, 1.000078231,
2631.273907716, 0.999866958,
2631.294339435, 0.999957121,
2631.314771054, 0.999930122,
2631.355634494, 1.000092769,
2631.376066314, 0.999911882,
2631.396498034, 0.999807994,
2631.416929655, 1.000109629,
2631.437361477, 0.999876060,
2631.457793198, 0.999926276,
2631.478224820, 0.999922723,
2631.498656642, 0.999854642,
2631.519088365, 1.000065014,
2631.539520188, 0.999918726,
2631.600815359, 0.999896933,
2631.621246983, 0.999963066,
2631.641678707, 0.999831911,
2631.662110532, 0.999737145,
2631.682542157, 1.000053620,
2631.702973883, 0.999828156,
2631.723405709, 0.999968638,
2631.743837335, 0.999813484,
2631.764269162, 0.999787598,
2631.784700888, 1.000094037,
2631.825564343, 0.999747269,
2631.845996071, 0.999949180,
2631.866427799, 0.999773953,
2631.886859528, 0.999885209,
2631.907291256, 0.999891078,
2631.927723086, 0.999786152,
2631.948154815, 1.000041588,
2631.968586445, 0.999757697,
2631.989018275, 0.999862822,
2632.009450006, 0.999862129,
2632.029881636, 0.999761691,
2632.050313468, 0.999919483,
2632.091176831, 0.999733740,
2632.111608663, 1.000002743,
2632.132040296, 0.999862096,
2632.152472128, 0.999794849,
2632.172903861, 0.999843695,
2632.193335495, 0.999736034,
2632.213767329, 0.999982569,
2632.234199063, 0.999778991,
2632.254630697, 0.999851158,
2632.275062532, 0.999989188,
2632.295494267, 0.999743185,
2632.336357739, 1.000145957,
2632.356789475, 0.999872667,
2632.377221311, 0.999923721,
2632.397652948, 0.999671100,
2632.418084686, 0.999831396,
2632.438516523, 1.000155841,
2632.458948261, 0.999677686,
2632.479379899, 0.999670041,
2632.499811738, 0.999896901,
2632.520243477, 0.999733212,
2632.540675216, 1.000011590,
2632.581538695, 0.999929244,
2632.601970535, 1.000031391,
2632.622402176, 0.999663723,
2632.642833917, 0.999666927,
2632.663265758, 0.999900253,
2632.683697400, 0.999733886,
2632.704129242, 0.999931186,
2632.724560884, 0.999807647,
2632.744992627, 0.999724072,
2632.765424469, 1.000020798,
2632.826719700, 0.999864133,
2632.847151345, 0.999692276,
2632.867583089, 0.999962150,
2632.888014934, 0.999832826,
2632.908446580, 0.999771784,
2632.928878425, 1.000056797,
2632.949310171, 0.999837548,
2632.969741818, 0.999851988,
2632.990173665, 0.999889453,
2633.010605412, 0.999800461,
2633.071900655, 0.999815303,
2633.092332503, 0.999961883,
2633.112764252, 0.999854243,
2633.133195901, 1.000045379,
2633.153627751, 0.999942056,
2633.174059500, 0.999888013,
2633.194491151, 1.000145980,
2633.214923001, 0.999876186,
2633.235354752, 0.999761152,
2633.255786403, 1.000022284,
2633.276218255, 0.999866090,
2633.317081759, 0.999886480,
2633.337513511, 1.000030819,
2633.357945264, 1.000198373,
2633.378377018, 0.999882581,
2633.398808771, 0.999958888,
2633.419240525, 0.999836344,
2633.439672280, 0.999795845,
2633.460104034, 1.000133370,
2633.480535889, 0.999792778,
2633.500967545, 0.999794779,
2633.521399301, 0.999506088,
2633.562262813, 0.999948654,
2633.582694570, 0.999686376,
2633.603126427, 0.999782827,
2633.623558184, 0.999916678,
2633.643989842, 0.999835889,
2633.664421700, 1.000192904,
2633.684853459, 0.999787824,
2633.705285218, 0.999775252,
2633.725716977, 0.999993222,
2633.746148737, 0.999859822,
2633.766580497, 0.999933205,
2633.807444017, 0.999779432,
2633.827875879, 1.000041501,
2633.848307540, 0.999798273,
2633.868739401, 1.000033976,
2633.889171163, 0.999832783,
2633.909602826, 0.999729551,
2633.930034689, 0.999881158,
2633.950466452, 0.999656487,
2633.970898115, 0.999734570,
2633.991329979, 0.999978049,
2634.011761743, 0.999835360,
2634.052625273, 0.999831325,
2634.073057038, 0.999735428,
2634.093488804, 1.000023176,
2634.113920570, 0.999718150,
2634.134352236, 0.999829394,
2634.154784103, 0.999850494,
2634.175215870, 0.999720426,
2634.195647637, 0.999935462,
2634.216079405, 0.999683365,
2634.236511173, 0.999751453,
2634.256943041, 0.999953565,
2634.297806479, 0.999950026,
2634.318238349, 0.999828125,
2634.338670119, 0.999713780,
2634.359101789, 1.000137523,
2634.379533660, 0.999811827,
2634.399965431, 0.999778125,
2634.420397202, 0.999920894,
2634.440828974, 0.999803103,
2634.461260746, 1.000043792,
2634.481692618, 0.999787109,
2634.502124291, 0.999942122,
2634.542987937, 0.999712641,
2634.563419611, 0.999895698,
2634.583851385, 0.999829838,
2634.604283260, 0.999683692,
2634.624714935, 1.000091557,
2634.645146810, 0.999750921,
2634.665578586, 0.999767309,
2634.686010262, 0.999915054,
2634.706442138, 0.999706610,
2634.726873815, 0.999862301,
2634.747305592, 0.999788284,
2634.788169148, 1.000178922,
2634.808601026, 0.999747479,
2634.829032804, 0.999773807,
2634.849464583, 0.999730535,
2634.869896363, 0.999697699,
2634.890328142, 0.999996237,
2634.910759922, 0.999744281,
2634.931191703, 0.999734099,
2634.951623483, 0.999923568,
2634.972055264, 0.999826989,
2634.992487146, 0.999758473,
2635.033350710, 0.999756583,
2635.053782492, 0.999869595,
2635.074214175, 0.999701586,
2635.094646059, 0.999828895,
2635.115077843, 0.999681793,
2635.135509527, 0.999882248,
2635.155941411, 0.999946803,
2635.176373196, 0.999789629,
2635.196805081, 0.999747805,
2635.217236766, 0.999959958,
2635.237668552, 0.999736658,
2635.278532125, 0.999913425,
2635.298963912, 0.999823595,
2635.319395800, 0.999752183,
2635.339827487, 0.999718803,
2635.360259276, 0.999997298,
2635.380691164, 0.999746123,
2635.401122853, 0.999716064,
2635.421554742, 0.999848000,
2635.441986532, 0.999743773,
2635.462418222, 0.999771437,
2635.482850112, 0.999860274,
2635.523713594, 1.000010563,
2635.544145485, 0.999802684,
2635.564577277, 0.999807460,
2635.585009069, 0.999652931,
2635.605440862, 0.999670356,
2635.625872655, 1.000009396,
2635.646304548, 0.999858598,
2635.666736242, 0.999824893,
2635.687168036, 0.999706524,
2635.707599930, 0.999716055,
2635.728031625, 0.999880484,
2635.768895316, 0.999741342,
2635.789327012, 0.999546564,
2635.809758908, 0.999562574,
2635.830190705, 0.999770988,
2635.850622401, 0.999677298,
2635.871054299, 0.999774050,
2635.891486097, 0.999572516,
2635.911917795, 0.999676903,
2635.932349694, 1.000059381,
2635.952781492, 0.999686778,
2636.014076892, 0.999684018,
2636.034508792, 0.999912260,
2636.054940493, 0.999656591,
2636.075372294, 0.999652335,
2636.095804195, 0.999899313,
2636.116235897, 0.999686520,
2636.136667800, 0.999878565,
2636.157099502, 0.999663614,
2636.177531305, 0.999649414,
2636.197963209, 0.999852759,
2636.218395013, 0.999715625,
2636.259258622, 0.999669067,
2636.279690427, 0.999616501,
2636.300122132, 0.999886591,
2636.320554038, 0.999752451,
2636.340985844, 0.999693872,
2636.361417750, 0.999761970,
2636.381849457, 0.999720153,
2636.402281264, 0.999941773,
2636.422713172, 0.999609352,
2636.443144880, 0.999643834,
2636.504440307, 1.000774030,
2636.524872216, 0.999692720,
2636.545304026, 0.999743569,
2636.565735736, 0.999917526,
2636.586167647, 0.999710377,
2636.606599458, 0.999933077,
2636.627031170, 0.999616910,
2636.647463081, 1.002103757,
2636.667894894, 1.002405853,
2636.688326806, 0.999884386,
2636.708758519, 1.000232274,
2636.729190333, 0.999710689,
2636.749622147, 0.999794597,
2636.790485775, 0.999795772,
2636.810917590, 0.999946755,
2636.831349405, 0.999793070,
2636.851781221, 0.999728124,
2636.872213137, 0.999997395,
2636.892644854, 0.999892245,
2636.913076771, 0.999779698,
2636.933508588, 1.000126004,
2636.953940305, 0.999886575,
2636.994804042, 0.999999008,
2637.015235761, 0.999868209,
2637.035667680, 0.999790616,
2637.056099499, 0.999831843,
2637.076531419, 1.000341679,
2637.096963140, 0.999761458,
2637.117394960, 1.000011268,
2637.137826882, 0.999732197,
2637.158258603, 0.999837777,
2637.178690425, 1.000008076,
2637.199122347, 0.999747909,
2637.239985893, 0.999766188,
2637.260417816, 0.999910960,
2637.280849640, 1.000005205,
2637.301281465, 0.999909423,
2637.321713289, 0.999957600,
2637.342145114, 0.999771586,
2637.362576940, 0.999904107,
2637.383008765, 0.999828568,
2637.403440592, 0.999875708,
2637.423872418, 0.999884997,
2637.444304245, 0.998159460,
2637.485167900, 1.000033813,
2637.505599729, 0.999808001,
2637.526031657, 1.000301797,
2637.546463386, 0.999791643,
2637.566895215, 0.999914012,
2637.587327145, 0.999805948,
2637.607758875, 0.999929542,
2637.628190806, 0.999923147,
2637.648622637, 1.000088000,
2637.669054368, 0.998856498,
2637.730349864, 0.997718751,
2637.750781797, 1.002128390,
