2.458502794550000224e+06 6.554415632428766791e+00 1.896334821381279845e+00
2.458502918490000069e+06 -1.782071538468337213e+00 1.557948626309373363e+00
2.458503858140000142e+06 2.379935334947619108e+00 2.110909260275949606e+00
2.458503745300000068e+06 2.799245287467260646e+00 1.539287313424891890e+00
2.458505786179999821e+06 1.998297197440890072e+00 2.320665175386887213e+00
2.458506725180000067e+06 -4.195596240296891821e+00 1.354589407100215137e+00
2.458506860160000157e+06 -1.864038201198194189e+00 2.525310940399750237e+00
2.458507911369999871e+06 3.890985416105530170e-01 2.063858758282736350e+00
2.458508719630000181e+06 4.807059804382336488e+00 1.762499039706590498e+00
2.458508854939999990e+06 -4.886371138986429052e+00 9.633891919662068704e-01
2.458509864409999922e+06 -5.528751569955645984e+00 1.176499845431620228e+00
2.458510770349999890e+06 -1.308370338881492456e+00 1.375574955008950662e+00
2.458511796130000148e+06 6.435285968127177014e+00 7.529162190296114776e-01
2.458513814639999997e+06 -1.640667621930081310e+00 1.348939878970119910e+00
