BJD - 2454833, Corrected Flux
3420.221574545, 0.998196023,
3420.242006817, 0.998484994,
3420.262438989, 0.998336940,
3420.282871060, 0.998294031,
3420.303303331, 0.998157155,
3420.323735501, 0.998271224,
3420.344167571, 0.998327120,
3420.364599841, 0.998154944,
3420.385032010, 0.998218201,
3420.405464078, 0.998301519,
3420.425896346, 0.997853145,
3420.487192847, 0.998102972,
3420.507625014, 0.998320232,
3420.528057179, 0.998418427,
3420.548489344, 0.999172329,
3420.568921509, 0.998881142,
3420.589353673, 0.999871296,
3420.609785837, 0.999022447,
3420.630218000, 0.999229020,
3420.650650063, 0.998842519,
3420.671082326, 0.997464210,
3420.691514487, 0.997657877,
3420.711946749, 0.998096799,
3420.732378810, 0.997808562,
3420.752810970, 0.997559789,
3420.773243230, 0.997687135,
3420.793675290, 0.997603795,
3420.814107449, 0.997688992,
3420.834539708, 0.997665348,
3420.854971765, 0.997677822,
3420.875403923, 0.997609308,
3420.895836180, 0.997570756,
3420.916268237, 0.997830906,
3420.957132649, 0.997300474,
3420.977564805, 0.997743119,
3420.997996859, 0.997547387,
3421.018429114, 0.997858016,
3421.038861267, 0.998215953,
3421.059293321, 0.998214322,
3421.079725574, 0.999209080,
3421.100157726, 0.998483861,
3421.120589779, 0.998006442,
3421.141022030, 0.998406805,
3421.161454181, 0.998554397,
3421.181886232, 0.997116895,
3421.202318482, 0.997264725,
3421.222750632, 0.997849758,
3421.243182681, 0.997519562,
3421.263614930, 0.997466337,
3421.284047078, 0.997391331,
3421.304479226, 0.997402987,
3421.324911373, 0.997467027,
3421.345343520, 0.997348877,
3421.365775567, 0.997245705,
3421.386207812, 0.997293006,
3421.406639958, 0.997462056,
3421.447504248, 0.998006787,
3421.467936392, 0.997539344,
3421.488369336, 0.998448935,
3421.508801579, 0.997344933,
3421.529233721, 0.996937940,
3421.549665764, 0.996816324,
3421.570098006, 0.997504543,
3421.590530147, 0.997271019,
3421.610962388, 0.997138020,
3421.631394428, 0.996965972,
3421.651826568, 0.997090235,
3421.672258808, 0.997029251,
3421.692690847, 0.996926143,
3421.713122985, 0.997014787,
3421.733555223, 0.997003745,
3421.753987261, 0.996804225,
3421.774419398, 0.996900237,
3421.794851635, 0.996914452,
3421.815283772, 0.996830819,
3421.835715807, 0.996885417,
3421.856148042, 0.997008725,
3421.876580178, 0.997008260,
3421.897012212, 0.996916553,
3421.937876579, 0.994884107,
3421.958308613, 0.996156073,
3421.978740845, 0.997455093,
3421.999172977, 0.998260914,
3422.019605009, 0.997588314,
3422.040037240, 0.996959396,
3422.060469371, 0.996386970,
3422.080901401, 0.996004475,
3422.101333631, 0.996619873,
3422.121765761, 0.996498963,
3422.142197890, 0.996774289,
3422.162630018, 0.996618074,
3422.183062146, 0.997115089,
3422.203494274, 0.997032647,
3422.223926401, 0.996505892,
3422.244358527, 0.997483021,
3422.264790654, 0.997309771,
3422.285222779, 0.996343346,
3422.305654905, 0.996344232,
3422.326086929, 0.996773753,
3422.346519154, 0.996760249,
3422.366951278, 0.996608580,
3422.387383301, 0.996563615,
3422.448679669, 0.996744922,
3422.469111890, 0.996824009,
3422.489544012, 0.996960364,
3422.509976132, 0.997261934,
3422.530408253, 0.997403896,
3422.550840373, 0.997322898,
3422.571272492, 0.996543868,
3422.591704611, 0.996071139,
3422.612136729, 0.996364905,
3422.632568847, 0.997255390,
3422.653001065, 0.997778790,
3422.673433082, 0.997561981,
3422.693865199, 0.996944336,
3422.714297415, 0.996449931,
3422.734729431, 0.996502264,
3422.755161646, 0.996567210,
3422.775593761, 0.996961261,
3422.796025775, 0.997251344,
3422.816457989, 0.997330340,
3422.836890103, 0.997303253,
3422.857322116, 0.997342065,
3422.877754329, 0.997269091,
3422.898186440, 0.997157914,
3422.918618452, 0.997114494,
3422.939050663, 0.997183774,
3422.959482774, 0.997221726,
3422.979914885, 0.997150669,
3423.000346994, 0.997219016,
3423.020779104, 0.997258532,
3423.041211113, 0.997359077,
3423.061643322, 0.997358709,
3423.082075430, 0.997400066,
3423.102507437, 0.997310302,
3423.122939645, 0.997381864,
3423.163803758, 0.997321098,
3423.184235964, 0.997610960,
3423.204668069, 0.997595692,
3423.225100074, 0.997630160,
3423.245532279, 0.997459197,
3423.265964383, 0.997534314,
3423.286396386, 0.997518742,
3423.306828590, 0.997484407,
3423.327260693, 0.997603475,
3423.347692795, 0.997640069,
3423.368124896, 0.997592148,
3423.388556998, 0.997671834,
3423.408989099, 0.997635315,
3423.429421200, 0.997695606,
3423.449853300, 0.997842148,
3423.470285399, 0.997822891,
3423.490717599, 0.997790804,
3423.511149597, 0.997881432,
3423.531581695, 0.997753431,
3423.552013893, 0.997727793,
3423.572445891, 0.997858362,
3423.592877988, 0.997902440,
3423.613310184, 0.997804690,
3423.654174276, 0.997784062,
3423.674606471, 0.997835648,
3423.695038466, 0.997869006,
3423.715470561, 0.997848087,
3423.735902754, 0.997940693,
3423.756334748, 0.998006075,
3423.776766841, 0.997848969,
3423.797199033, 0.998040223,
3423.817631125, 0.998033473,
3423.838063117, 0.997977118,
3423.858495308, 0.998030207,
3423.899359389, 0.997400539,
3423.919791579, 0.997059648,
3423.940223569, 0.996844273,
3423.960655658, 0.997403785,
3423.981087846, 0.998213343,
3424.001519834, 0.998575941,
3424.021952022, 0.998693155,
3424.042384109, 0.998378226,
3424.062816097, 0.998688964,
3424.083248283, 0.998552657,
3424.103680369, 0.998014635,
3424.124112354, 0.997834231,
3424.144544539, 0.997797523,
3424.164976624, 0.997984987,
3424.185408708, 0.997951241,
3424.205840792, 0.997928256,
3424.226272875, 0.998047111,
3424.246704958, 0.997921092,
3424.267137041, 0.998013694,
3424.287569123, 0.998007002,
3424.308001204, 0.998005346,
3424.328433386, 0.998450695,
3424.348865366, 0.998771174,
3424.389729626, 0.998842027,
3424.410161605, 0.998710559,
3424.430593685, 0.998528771,
3424.451025863, 0.998549649,
3424.471457841, 0.998209924,
3424.491889919, 0.997962312,
3424.512322096, 0.997209850,
3424.532754073, 0.997525047,
3424.553186149, 0.997375221,
3424.573618325, 0.997426796,
3424.594050301, 0.997115111,
3424.614482376, 0.997789754,
3424.634914450, 0.997590112,
3424.655346625, 0.997299952,
3424.675778599, 0.997564472,
3424.696210672, 0.997774823,
3424.716642745, 0.997804309,
3424.737074817, 0.998178514,
3424.757506989, 0.998657250,
3424.777938961, 0.999015627,
3424.798371032, 0.999254123,
3424.818803203, 0.999103873,
3424.839235173, 0.998664940,
3424.859667243, 0.998839138,
3424.880099412, 0.998721579,
3424.900531381, 0.998816977,
3424.920963450, 0.999406492,
3424.941395618, 0.999859095,
3424.961827586, 0.999773293,
3424.982259653, 0.999564989,
3425.002691820, 0.999233711,
3425.023123886, 0.998833118,
3425.043555852, 0.998865587,
3425.063988018, 0.999167684,
3425.084420083, 0.999571495,
3425.104852048, 0.999434964,
3425.125284212, 0.999265022,
3425.145716276, 0.998755778,
3425.166148239, 0.998548498,
3425.186580403, 0.999046218,
3425.207012465, 0.999079904,
3425.227444427, 0.998656909,
3425.247876589, 0.999306846,
3425.268308650, 0.999434584,
3425.288740811, 0.999109252,
3425.309172771, 0.999070783,
3425.329604831, 0.999069887,
3425.350036991, 0.999061915,
3425.370468950, 0.998998467,
3425.390901009, 0.999212576,
3425.411333167, 0.999068691,
3425.431765125, 0.998704219,
3425.452197182, 0.998316002,
3425.472629240, 0.998353939,
3425.493061296, 0.998936745,
3425.513493352, 0.998505811,
3425.533925408, 0.998619029,
3425.554357464, 0.998591032,
3425.574789519, 0.998142530,
3425.615653627, 0.998455374,
3425.636085681, 0.998258361,
3425.656517834, 0.998672279,
3425.676949787, 0.998698683,
3425.697381839, 0.998434156,
3425.717813991, 0.997604268,
3425.738245943, 0.997019178,
3425.758677993, 0.997034184,
3425.779110144, 0.996754620,
3425.799542094, 0.996688836,
3425.819974144, 0.996900945,
3425.840406294, 0.996763375,
3425.860838343, 0.997077995,
3425.881270291, 0.997212599,
3425.901702439, 0.997469007,
3425.922134487, 0.997734005,
3425.942566435, 0.997576666,
3425.962998581, 0.997401291,
3425.983430628, 0.997286677,
3426.003862574, 0.997198824,
3426.024294720, 0.997138350,
3426.044726765, 0.997175632,
3426.065158709, 0.997494796,
3426.085590854, 0.997536883,
3426.106022898, 0.997406524,
3426.126454842, 0.997385975,
3426.146886984, 0.997149168,
3426.167319027, 0.997137304,
3426.187751070, 0.997089688,
3426.208183112, 0.997174607,
3426.228615153, 0.997325136,
3426.249047194, 0.997476123,
3426.269479234, 0.997088822,
3426.289911275, 0.997034378,
3426.310343314, 0.997360046,
3426.351207393, 0.996800709,
3426.371639431, 0.996569977,
3426.392071469, 0.996540319,
3426.412503507, 0.996480386,
3426.432935444, 0.996433509,
3426.453367581, 0.996438789,
3426.473799618, 0.996301429,
3426.494231754, 0.996276114,
3426.514663689, 0.996332802,
3426.535095725, 0.996080448,
3426.555527860, 0.995995589,
3426.575959794, 0.996032517,
3426.596391828, 0.995750910,
3426.616823961, 0.995725744,
3426.637255895, 0.995753006,
3426.657687927, 0.995581658,
3426.678120060, 0.995257566,
3426.698552091, 0.995175437,
3426.718984023, 0.994937663,
3426.739416154, 0.995315158,
3426.759848184, 0.995840480,
3426.780280115, 0.996089048,
3426.800712244, 0.997046813,
3426.821144274, 0.996919575,
3426.841576203, 0.997029733,
3426.862008332, 0.997065055,
3426.882440360, 0.996395160,
3426.902872288, 0.995373436,
3426.923304415, 0.995097704,
3426.943736442, 0.994770021,
3426.964168368, 0.994746066,
3426.984600495, 0.994749825,
3427.005032520, 0.994901305,
3427.025464546, 0.994943179,
3427.045896571, 0.995217320,
3427.066328595, 0.995449317,
3427.086760619, 0.995618807,
3427.107192643, 0.995089605,
3427.127624666, 0.994890386,
3427.148056589, 0.994928596,
3427.168488711, 0.995246728,
3427.188920734, 0.995482333,
3427.209352755, 0.995330463,
3427.229784776, 0.995007381,
3427.250216797, 0.994854655,
3427.270648717, 0.994839517,
3427.291080837, 0.994804003,
3427.311512857, 0.994730883,
3427.331944777, 0.994814427,
3427.352376895, 0.995256942,
3427.372808914, 0.995234998,
3427.393240931, 0.995240981,
3427.413672949, 0.995302396,
3427.434104966, 0.995051228,
3427.454536983, 0.995354550,
3427.474968999, 0.994983743,
3427.495401015, 0.995177359,
3427.515833031, 0.995261144,
3427.536265146, 0.995183044,
3427.556697061, 0.994858050,
3427.577129075, 0.994781284,
3427.597561189, 0.994784642,
3427.617993103, 0.994867253,
3427.638425116, 0.994856847,
3427.658857228, 0.994930162,
3427.679289141, 0.994937947,
3427.699721152, 0.994990660,
3427.720153264, 0.995104585,
3427.740585175, 0.995328957,
3427.761017186, 0.995290850,
3427.781449296, 0.994958655,
3427.801881206, 0.994947922,
3427.822313316, 0.995138922,
3427.842745325, 0.995151016,
3427.863177333, 0.995168215,
3427.883609342, 0.995156283,
3427.904041350, 0.995177060,
3427.924473357, 0.995261164,
3427.944905364, 0.995265117,
3427.965337371, 0.995301617,
3427.985769277, 0.995453869,
3428.006201383, 0.995361535,
3428.026633388, 0.995494959,
3428.047065293, 0.995397859,
3428.067497398, 0.995437055,
3428.087929402, 0.995579532,
3428.108361306, 0.995660450,
3428.128793410, 0.995739387,
3428.149225413, 0.995662153,
3428.169657316, 0.995616952,
3428.190089418, 0.995703634,
3428.210521420, 0.995732646,
3428.230953421, 0.995729357,
3428.251385422, 0.995858780,
3428.271817423, 0.995997141,
3428.333113422, 0.995809412,
3428.353545422, 0.995773565,
3428.373977521, 0.995726821,
3428.394409419, 0.995626328,
3428.414841417, 0.996315143,
3428.435273515, 0.996551477,
3428.455705411, 0.996688614,
3428.476137408, 0.996252136,
3428.496569505, 0.996006459,
3428.517001400, 0.995918179,
3428.537433396, 0.996146910,
3428.557865491, 0.996102077,
3428.578297386, 0.996201024,
3428.598729380, 0.996494140,
3428.619161474, 0.996494337,
3428.639593368, 0.996752950,
3428.660025361, 0.996802231,
3428.680457454, 0.996962932,
3428.700889446, 0.997195825,
3428.721321338, 0.997290012,
3428.741753430, 0.997027683,
3428.762185421, 0.996608759,
3428.782617312, 0.996680351,
3428.803049403, 0.996483431,
3428.884777260, 0.996828785,
3428.905209248, 0.997171970,
3428.925641337, 0.996849535,
3428.946073225, 0.997152651,
3428.966505212, 0.996597596,
3428.986937299, 0.996929914,
3429.007369185, 0.997192465,
3429.027801172, 0.997133145,
3429.048233257, 0.997413627,
3429.068665243, 0.997597838,
3429.089097127, 0.997121431,
3429.109529212, 0.997251414,
3429.129961196, 0.997308346,
3429.170825163, 0.997670924,
3429.191257147, 0.997374167,
3429.211689229, 0.997324317,
3429.252553093, 0.997602652,
3429.272985175, 0.997545951,
3429.293417056, 0.997578614,
3429.313849037, 0.997542387,
3429.334281117, 0.997673181,
3429.354712997, 0.997756272,
3429.375144976, 0.997694370,
3429.395577056, 0.997675182,
3429.416008934, 0.997533989,
3429.436440913, 0.997872014,
3429.456872990, 0.997643664,
3429.477304868, 0.997620156,
3429.497736846, 0.997695898,
3429.538600899, 0.998910174,
3429.559032775, 0.998375317,
3429.579464851, 0.998146173,
3429.599896826, 0.997937972,
3429.620328701, 0.998283520,
3429.640760775, 0.999045770,
3429.661192650, 0.998206312,
3429.681624623, 0.996911456,
3429.702056696, 0.996730864,
3429.722488570, 0.997109802,
3429.742920542, 0.997440617,
3429.763352614, 0.997189588,
3429.783784486, 0.997289152,
3429.804216458, 0.997867538,
3429.824648529, 0.997174303,
3429.845080400, 0.997230025,
3429.865512370, 0.997634970,
3429.885944440, 0.997416423,
3429.906376409, 0.997585225,
3429.926808279, 0.997674688,
3429.947240347, 0.997353314,
3429.967672316, 0.997445638,
3429.988104184, 0.997547262,
3430.008536252, 0.997964349,
3430.028968219, 0.997512828,
3430.049400086, 0.997424432,
3430.069832152, 0.997632904,
3430.090264119, 0.997562511,
3430.110695984, 0.997655647,
3430.131128050, 0.997591883,
3430.151560015, 0.997381160,
3430.171991879, 0.997353270,
3430.192423944, 0.997392588,
3430.212855908, 0.997495765,
3430.233287871, 0.997190644,
3430.274151797, 0.997873164,
3430.294583759, 0.997322362,
3430.315015721, 0.997095940,
3430.335447683, 0.996926233,
3430.355879644, 0.996812326,
3430.376311705, 0.996958065,
3430.396743565, 0.997060871,
3430.417175526, 0.996514943,
3430.437607485, 0.996581731,
3430.458039445, 0.996616779,
3430.498903362, 0.996686637,
3430.519335321, 0.996525243,
3430.539767378, 0.996491709,
3430.560199236, 0.996430030,
3430.580631193, 0.996420749,
3430.601063250, 0.996205451,
3430.621495106, 0.996278379,
3430.641927062, 0.996174800,
3430.662359118, 0.995937286,
3430.682790973, 0.996047022,
3430.703222928, 0.995905950,
3430.723654983, 0.996237563,
3430.764518790, 0.995898628,
3430.784950844, 0.995705326,
3430.805382797, 0.995803966,
3430.825814650, 0.995661583,
3430.846246702, 0.995585178,
3430.866678654, 0.995477115,
3430.887110505, 0.995493182,
3430.907542556, 0.995450823,
3430.927974507, 0.995338035,
3430.948406358, 0.995466576,
3430.968838408, 0.995273039,
3431.009702207, 0.995027828,
3431.030134255, 0.994887770,
3431.050566204, 0.994938531,
3431.070998152, 0.994896910,
3431.091430100, 0.994843855,
3431.111862048, 0.994828121,
3431.132293995, 0.994795829,
3431.152725942, 0.994775509,
3431.173157888, 0.994728678,
3431.193589834, 0.994645036,
3431.214021879, 0.994517038,
3431.254885669, 0.994110595,
3431.275317614, 0.995083938,
3431.295749558, 0.995448876,
3431.316181502, 0.995763596,
3431.336613445, 0.995760981,
3431.357045389, 0.995662505,
3431.377477231, 0.996100960,
3431.397909273, 0.994270336,
3431.418341215, 0.995265409,
3431.438773057, 0.994466795,
3431.459205098, 0.993981634,
3431.479637039, 0.994028461,
3431.500068979, 0.994240055,
3431.520500920, 0.994180988,
3431.540932860, 0.994152549,
3431.561364799, 0.994105626,
3431.581796838, 0.994129253,
3431.602228676, 0.994272895,
3431.622660715, 0.994065955,
3431.643092653, 0.994118678,
3431.663524490, 0.994065964,
3431.683956528, 0.994017331,
3432.010867474, 0.994048616,
3432.031299405, 0.995123516,
3432.051731436, 0.994222356,
3432.072163266, 0.993802071,
3432.092595096, 0.994075982,
3432.113027126, 0.994208589,
3432.133459055, 0.994177472,
3432.153890984, 0.994154387,
3432.174322913, 0.994064439,
3432.194754841, 0.994129946,
3432.235618696, 0.995020232,
3432.256050624, 0.993709513,
3432.276482450, 0.994213566,
3432.296914477, 0.995079042,
3432.317346403, 0.994540704,
3432.337778329, 0.993676247,
3432.358210254, 0.993989160,
3432.378642179, 0.994278256,
3432.399074104, 0.994412398,
3432.419506128, 0.994319810,
3432.439937952, 0.994378283,
3432.460369876, 0.994438198,
3432.480801899, 0.994307346,
3432.501233722, 0.994369492,
3432.521665644, 0.994350797,
3432.542097666, 0.994429924,
3432.562529488, 0.994412597,
3432.582961410, 0.994483026,
3432.603393431, 0.994545037,
3432.623825252, 0.994380694,
3432.644257172, 0.994451045,
3432.664689192, 0.994465452,
3432.685121012, 0.994460975,
3432.725984950, 0.995602202,
3432.746416869, 0.994631420,
3432.766848787, 0.994420089,
3432.787280705, 0.994888881,
3432.807712623, 0.994819375,
3432.828144540, 0.994796688,
3432.848576457, 0.994812477,
3432.869008373, 0.994829994,
3432.889440389, 0.994936271,
3432.909872205, 0.994943846,
3432.930304021, 0.995059879,
3432.950736036, 0.995020747,
3432.971167951, 0.995017873,
3432.991599765, 0.995040470,
3433.012031779, 0.995070685,
3433.032463693, 0.995184040,
3433.073327519, 0.995246237,
3433.093759432, 0.995147270,
3433.114191244, 0.995415801,
3433.134623256, 0.995559797,
3433.155055168, 0.995373863,
3433.175487079, 0.995171364,
3433.216350901, 0.995667996,
3433.236782811, 0.995817175,
3433.257214821, 0.995712272,
3433.277646631, 0.995757592,
3433.298078540, 0.995775015,
3433.318510549, 0.995849344,
3433.338942357, 0.995834817,
3433.359374266, 0.996065962,
3433.379806273, 0.996202016,
3433.400238081, 0.996322260,
3433.461533802, 0.996140540,
3433.481965707, 0.996945026,
3433.502397713, 0.996498988,
3433.522829519, 0.996140461,
3433.543261424, 0.996831658,
3433.563693429, 0.996273625,
3433.584125333, 0.996696184,
3433.604557137, 0.996234665,
3433.624989141, 0.996578221,
3433.645421044, 0.995948826,
3433.665852847, 0.996568173,
3433.686284850, 0.997462042,
3433.706716752, 0.996465982,
3433.727148654, 0.996438912,
3433.747580556, 0.997007956,
3433.768012357, 0.996897174,
3433.788444358, 0.996996680,
3433.808876259, 0.996987402,
3433.829308059, 0.996940326,
3433.849740059, 0.997107296,
3433.870171959, 0.996940697,
3433.890603758, 0.997097150,
3433.911035757, 0.996982754,
3433.931467656, 0.997016231,
3433.951899454, 0.997013501,
3433.972331452, 0.996994473,
3433.992763349, 0.996973585,
3434.013195246, 0.997001120,
3434.033627144, 0.997007098,
3434.054059040, 0.996913785,
3434.074490936, 0.997149763,
3434.094922932, 0.997398577,
3434.115354728, 0.997259301,
3434.135786623, 0.996873761,
3434.156218618, 0.996332477,
3434.197082307, 0.997454903,
3434.217514300, 0.996962956,
3434.237946094, 0.997101551,
3434.258377987, 0.996982778,
3434.278809980, 0.996328413,
3434.299241772, 0.997075109,
3434.319673665, 0.997856958,
3434.340105657, 0.997281011,
3434.360537448, 0.996887513,
3434.380969339, 0.996790815,
3434.401401330, 0.996977539,
3434.421833221, 0.997354515,
3434.442265011, 0.997243814,
3434.462697001, 0.997177494,
3434.483128890, 0.997110837,
3434.503560679, 0.997156506,
3434.523992668, 0.997075895,
3434.544424557, 0.996987685,
3434.564856345, 0.996630275,
3434.585288333, 0.996674600,
3434.605720120, 0.996622923,
3434.626152007, 0.996512873,
3434.646583994, 0.996511111,
3434.687447767, 0.996750388,
3434.707879653, 0.996690173,
3434.728311438, 0.997300236,
3434.748743424, 0.996843083,
3434.769175308, 0.996715800,
3434.789607093, 0.997022105,
3434.810039077, 0.997415837,
3434.830470961, 0.997011320,
3434.850902845, 0.997139052,
3434.871334728, 0.997393118,
3434.891766611, 0.996749673,
3434.912198493, 0.996861137,
3434.932630475, 0.997877587,
3434.953062257, 0.997315442,
3434.973494139, 0.996539178,
3434.993926120, 0.996604136,
3435.014357901, 0.996845638,
3435.034789782, 0.996935867,
3435.055221762, 0.997008353,
3435.075653542, 0.996995730,
3435.096085421, 0.997030790,
3435.116517401, 0.997062653,
3435.136949180, 0.996955647,
3435.177813036, 0.996205631,
3435.198244814, 0.996906467,
3435.218676692, 0.997136918,
3435.239108669, 0.997169727,
3435.259540546, 0.996877779,
3435.279972323, 0.996681677,
3435.300404299, 0.996865446,
3435.320836175, 0.997288695,
3435.341267951, 0.996733118,
3435.361699926, 0.996739817,
3435.382131701, 0.997150872,
3435.402563576, 0.996979650,
3435.422995551, 0.996708116,
3435.443427325, 0.997041079,
3435.463859198, 0.997410702,
3435.484291172, 0.996914133,
3435.504722945, 0.996973909,
3435.525154818, 0.997685804,
3435.545586790, 0.996477702,
3435.566018562, 0.997136101,
3435.586450534, 0.997896512,
3435.606882405, 0.997427193,
3435.627314177, 0.996562092,
3435.647746147, 0.996514988,
3435.668178018, 0.996760914,
3435.688609888, 0.996900216,
3435.709041758, 0.996824542,
3435.729473627, 0.996788336,
3435.749905497, 0.996816768,
3435.790769234, 0.996873505,
3435.811201103, 0.996717200,
3435.831633071, 0.996666209,
3435.852064838, 0.996625683,
3435.872496705, 0.996741687,
3435.913360439, 0.996986530,
3435.933792306, 0.997557168,
3435.954224271, 0.996529235,
3435.974656037, 0.996665999,
3435.995087902, 0.996718772,
3436.015519868, 0.996852824,
3436.035951632, 0.996750442,
3436.056383497, 0.996786613,
3436.076815461, 0.996753239,
3436.097247325, 0.996680051,
3436.117679088, 0.996629527,
3436.158542914, 0.996598982,
3436.178974677, 0.996255746,
3436.199406639, 0.996846064,
3436.219838401, 0.996676276,
3436.240270263, 0.996732422,
3436.260702224, 0.996598260,
3436.281133985, 0.996715622,
3436.301565845, 0.996676400,
3436.321997806, 0.996676486,
3436.342429566, 0.996566718,
3436.362861426, 0.996586698,
3436.403725144, 0.996652417,
3436.424157103, 0.996673303,
3436.444588961, 0.996679663,
3436.465020719, 0.996682688,
3436.485452677, 0.996724863,
3436.505884535, 0.996802851,
3436.526316392, 0.996875843,
3436.546748249, 0.996953114,
3436.567180105, 0.996741416,
3436.587611962, 0.996890205,
3436.608043918, 0.996779893,
3436.648907529, 0.995516949,
3436.669339484, 0.996433625,
3436.689771238, 0.997074537,
3436.710203093, 0.996460837,
3436.730635047, 0.996447230,
3436.751066801, 0.996682691,
3436.771498654, 0.997032464,
3436.791930607, 0.997018689,
3436.812362360, 0.996970248,
3436.832794213, 0.996774845,
3436.853226165, 0.996861911,
3436.873657917, 0.996940632,
3436.894089768, 0.996970061,
3436.914521720, 0.996861275,
3436.934953571, 0.996857689,
3436.955385322, 0.996961812,
3436.975817272, 0.996808818,
3436.996249122, 0.996973742,
3437.016680872, 0.996815219,
3437.037112821, 0.996479977,
3437.057544570, 0.997559635,
3437.077976419, 0.995750915,
3437.098408368, 0.978727586,
3437.139271964, 0.997078017,
3437.159703911, 0.996984563,
3437.180135659, 0.996974931,
3437.200567506, 0.997035087,
3437.220999453, 0.997019314,
3437.241431199, 0.996896540,
3437.261863145, 0.996996311,
3437.282294991, 0.996886531,
3437.302726736, 0.996981397,
3437.323158682, 0.996799378,
3437.343590526, 0.996733063,
3437.384454215, 0.997143335,
3437.404886059, 0.997011054,
3437.425317903, 0.997014110,
3437.445749846, 0.996982284,
3437.466181589, 0.996909828,
3437.486613432, 0.997008406,
3437.507045374, 0.996851535,
3437.527477117, 0.997128607,
3437.547908958, 0.997689493,
3437.568340900, 0.987210834,
3437.629636423, 0.997452630,
3437.650068163, 0.997111747,
3437.670500003, 0.996190407,
3437.690931943, 0.996132632,
3437.711363682, 0.996418432,
3437.731795522, 0.996977902,
3437.752227460, 0.996181757,
3437.772659199, 0.996315936,
3437.793091037, 0.996723085,
3437.813522975, 0.997601707,
3437.833954813, 0.997182526,
3437.854386550, 0.997629537,
3437.874818487, 0.996952333,
3437.895250224, 0.996986215,
3437.915682060, 0.997431834,
3437.936113997, 0.997303178,
3437.956545733, 0.997330754,
3437.976977568, 0.997240112,
3437.997409503, 0.997429247,
3438.017841239, 0.997355727,
3438.038273073, 0.997439513,
3438.058705007, 0.997393083,
3438.079136742, 0.997491419,
3438.120000509, 0.996649604,
3438.140432242, 0.997202934,
3438.160864175, 0.996521286,
3438.181296008, 0.996994965,
3438.201727840, 0.996488127,
3438.222159672, 0.996791647,
3438.242591504, 0.997798604,
3438.263023335, 0.998060491,
3438.283455266, 0.997462834,
3438.303886997, 0.997454786,
3438.324318827, 0.997615073,
3438.344750758, 0.997996986,
3438.365182488, 0.997886395,
3438.385614318, 0.997897644,
3438.406046247, 0.997744219,
3438.426477976, 0.997706345,
3438.446909805, 0.997816273,
3438.467341733, 0.997795117,
3438.487773461, 0.997793852,
3438.508205289, 0.997787322,
3438.528637217, 0.997728511,
3438.549068944, 0.998059186,
3438.569500771, 0.997815546,
3438.610364425, 0.997182381,
3438.630796251, 0.997515703,
3438.651228177, 0.997234332,
3438.671659902, 0.997850199,
3438.692091728, 0.998689431,
3438.712523652, 0.998048955,
3438.732955377, 0.997903218,
3438.753387202, 0.997978296,
3438.773819126, 0.998346192,
3438.794250850, 0.998303657,
3438.814682673, 0.998273515,
3438.835114597, 0.998232326,
3438.855546320, 0.998421425,
3438.875978142, 0.998345167,
3438.896410065, 0.998461342,
3438.916841787, 0.998187686,
3438.937273709, 0.998356813,
3438.957705530, 0.998278709,
3438.978137252, 0.998367152,
3438.998569172, 0.998317058,
3439.019000993, 0.998415160,
3439.039432814, 0.997802847,
3439.059864634, 0.998647346,
3439.100728273, 0.998416678,
3439.121160193, 0.998288273,
3439.141591912, 0.998343525,
3439.162023730, 0.998180237,
3439.182455649, 0.998215984,
3439.202887367, 0.998246987,
3439.223319185, 0.998197097,
3439.243751102, 0.998040584,
3439.264182820, 0.997990065,
3439.284614637, 0.997929635,
3439.305046553, 0.997698035,
3439.345910086, 0.997529557,
3439.366341902, 0.998227648,
3439.386773717, 0.997333697,
3439.407205533, 0.997071406,
3439.427637447, 0.997065918,
3439.448069162, 0.997539977,
3439.468500977, 0.997780929,
3439.488932891, 0.997283836,
3439.509364605, 0.997577096,
3439.529796418, 0.997499646,
3439.550228332, 0.998032522,
3439.570660045, 0.997851377,
3439.591091858, 0.997160499,
3439.611523770, 0.997334346,
3439.631955482, 0.997548266,
3439.652387294, 0.997480097,
3439.672819206, 0.997254913,
3439.693250917, 0.997201759,
3439.713682828, 0.997014631,
3439.734114639, 0.997049088,
3439.754546350, 0.996963331,
3439.774978260, 0.997062912,
3439.795410070, 0.996929097,
3439.836273689, 0.996791047,
3439.856705498, 0.997130889,
3439.877137307, 0.996313891,
3439.897569116, 0.997083189,
3439.918000924, 0.996622119,
3439.938432732, 0.996666287,
3439.958864640, 0.996792796,
3439.979296347, 0.997645841,
3439.999728155, 0.996909807,
3440.020160062, 0.996855131,
3440.040591768, 0.996962423,
3440.081455481, 0.997236192,
3440.101887187, 0.996790335,
3440.122318992, 0.996949186,
3440.142750898, 0.996625116,
3440.163182603, 0.996689917,
3440.183614407, 0.997068041,
3440.204046212, 0.996710761,
3440.224478016, 0.996280622,
3440.244909820, 0.996042782,
3440.265341624, 0.996198602,
3440.285773427, 0.996389430,
3440.306205230, 0.996280088,
3440.326637133, 0.996060454,
3440.347068836, 0.996087085,
3440.367500638, 0.995953505,
3440.387932540, 0.996022310,
3440.408364242, 0.996015325,
3440.428796043, 0.995948274,
3440.449227944, 0.995750448,
3440.469659645, 0.995892742,
3440.490091546, 0.995900086,
3440.510523347, 0.995767691,
3440.530955047, 0.995803075,
3440.571818746, 0.996838993,
3440.592250445, 0.996704712,
3440.612682344, 0.996554485,
3440.653545842, 0.996979308,
3440.673977740, 0.996565682,
3440.694409538, 0.995804152,
3440.714841336, 0.995758208,
3440.735273133, 0.995814529,
3440.755704930, 0.996053577,
3440.776136727, 0.995941781,
3440.796568624, 0.995854305,
3440.817000320, 0.995700576,
3440.837432117, 0.995741041,
3440.857864012, 0.995790351,
3440.878295708, 0.995820730,
3440.898727503, 0.995735775,
3440.919159398, 0.995781142,
3440.939591093, 0.995720796,
3440.960022888, 0.995781952,
3440.980454782, 0.995750780,
3441.000886476, 0.995752982,
3441.021318269, 0.995555425,
3441.062181856, 0.995869832,
3441.082613649, 0.995852015,
3441.103045442, 0.997083577,
3441.123477234, 0.996411471,
3441.143909026, 0.996522553,
3441.164340918, 0.996766480,
3441.184772610, 0.997260240,
3441.205204501, 0.997417712,
3441.225636292, 0.996835965,
3441.246067983, 0.996800282,
3441.266499873, 0.997002061,
3441.286931664, 0.996730072,
3441.307363354, 0.997301569,
3441.327795244, 0.996855195,
3441.348227033, 0.995927899,
3441.368658722, 0.995884699,
3441.389090611, 0.995900312,
3441.409522400, 0.996109386,
3441.429954089, 0.995898219,
3441.450385977, 0.995767102,
3441.470817765, 0.995462521,
3441.491249452, 0.995661304,
3441.511681340, 0.995400467,
3441.532113127, 0.995551618,
3441.552544914, 0.995471126,
3441.572976701, 0.995417503,
3441.593408487, 0.995292514,
3441.613840273, 0.995433413,
3441.634272159, 0.995177037,
3441.654703845, 0.995674877,
3441.675135630, 0.997585857,
3441.695567515, 0.993496132,
3441.715999200, 0.986648972,
3441.736430985, 0.993171480,
3441.756862869, 1.006360614,
3441.797726337, 0.995220566,
3441.818158220, 0.993925113,
3441.838589904, 0.994194973,
3441.859021687, 0.994010839,
3441.879453470, 0.993995040,
3441.899885252, 0.995644456,
3441.920317134, 0.994548341,
3441.940748816, 0.994771924,
3441.961180598, 0.994820945,
3441.981612480, 0.995444910,
3442.002044261, 0.995187268,
3442.042907823, 0.995196932,
3442.063339603, 0.995297738,
3442.083771284, 0.994789047,
3442.104203164, 0.994734025,
3442.124634943, 0.995263612,
3442.165498502, 0.994475239,
3442.185930281, 0.993861872,
3442.206361960, 0.994030959,
3442.226793838, 0.994620257,
3442.247225617, 0.993886039,
3442.267657295, 0.993810048,
3442.288089172, 0.993947600,
3442.308520950, 0.994697722,
3442.328952627, 0.995072230,
3442.349384504, 0.994924838,
3442.369816281, 0.994294826,
3442.390248057, 0.994362095,
3442.410679833, 0.994561647,
3442.431111609, 0.994625346,
3442.451543385, 0.994971196,
3442.471975261, 0.994751017,
3442.492406936, 0.994834460,
3442.512838711, 0.994656586,
3442.533270586, 0.994737672,
3442.553702260, 0.994677636,
3442.574134035, 0.994746864,
3442.594565908, 0.994625803,
3442.635429456, 0.994541628,
3442.655861229, 0.994608310,
3442.676292902, 0.994509651,
3442.696724775, 0.994669090,
3442.717156447, 0.994377811,
3442.737588220, 0.994614386,
3442.778451763, 0.994654993,
3442.798883535, 0.994270031,
3442.819315406, 0.995308573,
3442.839747177, 0.995411327,
3442.860178848, 0.994469388,
3442.880610718, 0.993800312,
3442.901042489, 0.994387139,
3442.921474159, 0.994695039,
3442.941906029, 0.993746251,
3442.962337798, 0.994064507,
3442.982769468, 0.994789058,
3443.003201337, 0.995330993,
3443.023633106, 0.995050737,
3443.044064774, 0.994026288,
3443.064496643, 0.994080961,
3443.084928411, 0.994340677,
3443.105360079, 0.994727023,
3443.125791946, 0.994799676,
3443.146223714, 0.994273622,
3443.166655381, 0.994526048,
3443.187087248, 0.994406759,
3443.207519014, 0.994529037,
3443.227950781, 0.994478997,
3443.248382547, 0.994553650,
3443.268814313, 0.994392732,
3443.289246179, 0.994617081,
3443.309677944, 0.994381814,
3443.330109609, 0.994386427,
3443.350541474, 0.994331189,
3443.370973239, 0.994532751,
3443.391404903, 0.994463493,
3443.411836768, 0.994367242,
3443.432268532, 0.995796542,
3443.452700196, 0.996849006,
3443.473132059, 0.991552978,
3443.513995485, 0.994795750,
3443.534427348, 0.994065340,
3443.554859011, 0.993823868,
3443.575290773, 0.994846256,
3443.595722635, 0.995948190,
3443.616154297, 0.995485777,
3443.636586059, 0.994041996,
3443.657017920, 0.994111022,
3443.677449682, 0.994344604,
3443.697881343, 0.994477585,
3443.718313203, 0.994929168,
3443.738744964, 0.994590127,
3443.759176624, 0.994568976,
3443.779608484, 0.994580675,
3443.800040244, 0.994839571,
3443.820471903, 0.994826535,
3443.840903763, 0.994763870,
3443.861335522, 0.994855938,
3443.881767180, 0.994841036,
3443.902199039, 0.994881464,
3443.922630798, 0.994787014,
3443.943062456, 0.994854125,
3443.963494313, 0.994819515,
3444.004357929, 0.994822099,
3444.024789586, 0.994867689,
3444.045221343, 0.994794513,
3444.065653199, 0.996257926,
3444.086084856, 0.996055588,
3444.106516612, 0.995269060,
3444.126948468, 0.995196408,
3444.147380224, 0.994929202,
3444.167811880, 0.994914784,
3444.188243735, 0.995230995,
3444.208675490, 0.995843361,
3444.229107145, 0.995414804,
3444.249539000, 0.995065515,
3444.269970754, 0.994805280,
3444.290402408, 0.995155372,
3444.310834262, 0.995685719,
3444.331265916, 0.996062085,
3444.351697670, 0.995437713,
3444.372129523, 0.995249018,
3444.392561176, 0.995270012,
3444.412992929, 0.995573038,
3444.433424781, 0.995686710,
3444.453856434, 0.996022988,
3444.474288186, 0.995684104,
3444.515151789, 0.995651552,
3444.535583441, 0.995754507,
3444.576447043, 0.995836727,
3444.596878694, 0.995903466,
3444.617310545, 0.995811650,
3444.637742295, 0.995861081,
3444.658174145, 0.995696950,
3444.678605795, 0.995863523,
3444.699037544, 0.995721113,
3444.739901043, 0.995632818,
3444.760332792, 0.995914981,
3444.780764641, 0.996049350,
3444.801196289, 0.995882804,
3444.821628038, 0.995577352,
3444.842059886, 0.995423519,
3444.862491534, 0.995878144,
3444.882923281, 0.997120339,
3444.903355129, 0.997124291,
3444.923786776, 0.996378668,
3444.944218523, 0.996230971,
3444.964650370, 0.995917296,
3444.985082116, 0.996142540,
3445.005513762, 0.995785872,
3445.025945608, 0.996379873,
3445.046377354, 0.996725426,
3445.066809000, 0.996133132,
3445.087240845, 0.995548345,
3445.107672591, 0.995809609,
3445.128104236, 0.996154531,
3445.148536080, 0.997051830,
3445.168967725, 0.997399954,
3445.189399469, 0.996225380,
3445.209831313, 0.995604803,
3445.230262957, 0.995666438,
3445.250694701, 0.995928592,
3445.271126544, 0.996226595,
3445.291558188, 0.996375861,
3445.311990031, 0.996126634,
3445.332421773, 0.996055567,
3445.352853516, 0.996072452,
3445.373285258, 0.996250025,
3445.393717000, 0.996300331,
3445.414148742, 0.996208066,
3445.434580484, 0.996029718,
3445.455012225, 0.995991061,
3445.475443967, 0.996152590,
3445.495875808, 0.995973990,
3445.516307449, 0.996081250,
3445.536739189, 0.995841234,
3445.557171030, 0.996064402,
3445.577602670, 0.996049540,
3445.598034410, 0.996015092,
3445.618466250, 0.995581547,
3445.638897889, 0.997701418,
3445.659329628, 0.998604991,
3445.679761467, 0.993641824,
3445.720624845, 0.996041701,
3445.741056683, 0.996281521,
3445.761488322, 0.995780740,
3445.781920060, 0.995917509,
3445.802351898, 0.995778167,
3445.822783635, 0.995931157,
3445.843215273, 0.995850929,
3445.863647110, 0.995796800,
3445.884078747, 0.995666025,
3445.904510584, 0.995664737,
3445.924942320, 0.995783704,
3445.965805793, 0.996692384,
3445.986237528, 0.996138150,
3446.006669164, 0.995876125,
3446.027101000, 0.996447987,
3446.047532735, 0.997038367,
3446.067964370, 0.996305691,
3446.088396205, 0.996298298,
3446.108827940, 0.996873501,
3446.129259574, 0.997568683,
3446.149691408, 0.997764161,
3446.170123142, 0.996157623,
3446.190554876, 0.995549331,
3446.210986610, 0.995390772,
3446.231418343, 0.995428138,
3446.251850076, 0.995571010,
3446.272281810, 0.995747808,
3446.292713542, 0.995844262,
3446.313145275, 0.996027183,
3446.333577107, 0.995998074,
3446.354008739, 0.995815476,
3446.374440471, 0.995499013,
3446.394872303, 0.995579538,
3446.415303934, 0.995668741,
3446.435735666, 0.995582290,
3446.456167497, 0.995739662,
3446.476599128, 0.995719841,
3446.497030959, 0.995828106,
3446.517462689, 0.996383123,
3446.537894319, 0.996465180,
3446.558326150, 0.996202290,
3446.578757880, 0.996445334,
3446.599189509, 0.996429777,
3446.619621339, 0.996240609,
3446.640053068, 0.996305933,
3446.701348255, 0.996523082,
3446.721779883, 0.996744683,
3446.742211711, 0.996917312,
3446.762643439, 0.996191518,
3446.783075067, 0.996121456,
3446.803506895, 0.995474978,
3446.823938622, 0.995362493,
3446.844370249, 0.995735532,
3446.864802077, 0.995977641,
3446.885233803, 0.995400343,
3446.905665430, 0.995009382,
3446.926097256, 0.995028202,
3446.966960609, 0.995637859,
3447.007824160, 0.996125316,
3447.028255886, 0.996196699,
3447.048687611, 0.996274093,
3447.069119336, 0.996512551,
3447.089551161, 0.996829930,
3447.109982786, 0.996797325,
3447.130414510, 0.996968676,
3447.150846334, 0.996975052,
3447.171278058, 0.996960311,
3447.191709682, 0.997002265,
3447.212141506, 0.997192592,
3447.232573229, 0.997165004,
3447.253004852, 0.997180712,
3447.273436676, 0.997400781,
3447.293868398, 0.997289844,
3447.314300021, 0.997372963,
3447.334731844, 0.997387831,
3447.355163566, 0.997398748,
3447.375595188, 0.997409376,
3447.396027010, 0.997530238,
3447.416458731, 0.997585201,
3447.436890353, 0.997545939,
3447.457322174, 0.997551361,
3447.477753796, 0.997594863,
3447.498185616, 0.997745178,
3447.518617337, 0.997733661,
3447.539049058, 0.998025372,
3447.559480678, 0.998174584,
3447.579912498, 0.998359282,
3447.600344218, 0.998181088,
3447.620775938, 0.997848062,
3447.641207657, 0.997641711,
3447.682071096, 0.997981632,
3447.702502815, 0.997935018,
3447.722934534, 0.998266175,
3447.743366352, 0.998304210,
3447.763797971, 0.998382686,
3447.784229689, 0.998316353,
3447.804661507, 0.998310493,
3447.825093125, 0.998227219,
3447.845524842, 0.998352612,
3447.865956660, 0.998261700,
3447.886388277, 0.998553367,
3447.927251811, 0.997937616,
3447.947683428, 0.998155279,
3447.968115144, 0.998424981,
3447.988546960, 0.998299389,
3448.008978676, 0.998489000,
3448.029410292, 0.998428069,
3448.049842108, 0.998480222,
3448.070273824, 0.998277837,
3448.090705439, 0.998435222,
3448.111137254, 0.998408477,
3448.131568969, 0.998430400,
3448.152000584, 0.998599876,
3448.172432399, 0.998507494,
3448.192864113, 0.998535247,
3448.213295927, 0.998514495,
3448.233727541, 0.998555069,
3448.254159255, 0.998491337,
3448.274590969, 0.998645058,
3448.295022682, 0.998468365,
3448.315454296, 0.998398660,
3448.335886109, 0.998421297,
3448.356317822, 0.998222412,
3448.376749435, 0.998276281,
3448.417612959, 0.997928807,
3448.438044672, 0.997758172,
3448.458476384, 0.997779917,
3448.478908095, 0.997864792,
3448.499339807, 0.998126349,
3448.519771519, 0.998308640,
3448.540203230, 0.998128630,
3448.560634941, 0.998132989,
3448.581066752, 0.998118717,
3448.601498363, 0.998264959,
3448.621930073, 0.998017368,
3448.642361884, 0.997957413,
3448.662793494, 0.997905726,
3448.683225204, 0.997840322,
3448.703657013, 0.997856993,
3448.724088623, 0.997735231,
3448.744520432, 0.997855845,
3448.764952142, 0.997775766,
3448.785383751, 0.997798050,
3448.805815560, 0.997676512,
3448.826247269, 0.997740624,
3448.846678977, 0.997662719,
3448.867110685, 0.997532523,
3448.907974102, 0.997385868,
3448.928405810, 0.997628599,
3448.948837517, 0.997602348,
3448.969269225, 0.997576692,
3448.989700932, 0.997579565,
3449.010132639, 0.997487285,
3449.030564346, 0.997418154,
3449.050996053, 0.997335901,
3449.071427759, 0.997199025,
3449.091859466, 0.997066309,
3449.112291172, 0.997371012,
3449.132722878, 0.997250039,
3449.153154484, 0.997119656,
3449.173586290, 0.997006760,
3449.194017995, 0.997176554,
3449.214449601, 0.997357862,
3449.234881406, 0.997548865,
3449.255313111, 0.997770457,
3449.275744916, 0.997586021,
3449.296176520, 0.997139425,
3449.316608225, 0.997119397,
3449.337040029, 0.996962173,
3449.357471633, 0.997316617,
3449.377903337, 0.997638095,
3449.398335141, 0.998343767,
3449.418766844, 0.996826904,
3449.439198448, 0.996532866,
3449.459630251, 0.996643553,
3449.480061954, 0.996820848,
3449.500493557, 0.997023580,
3449.520925360, 0.997228181,
3449.541357062, 0.997345620,
3449.561788665, 0.997441914,
3449.582220467, 0.997674125,
3449.602652169, 0.997406363,
3449.623083771, 0.996588785,
3449.643515573, 0.996560221,
3449.663947274, 0.996815262,
3449.684378975, 0.996979068,
3449.704810677, 0.997058033,
3449.725242378, 0.997060814,
3449.745674078, 0.997048784,
3449.766105779, 0.997137894,
3449.786537480, 0.997083082,
3449.806969280, 0.996897900,
3449.827400880, 0.997021899,
3449.847832580, 0.996946080,
3449.888695980, 0.997310390,
3449.909127679, 0.997329588,
3449.929559478, 0.997401115,
3449.949991078, 0.997192888,
3449.970422777, 0.997051551,
3449.990854575, 0.996962839,
3450.011286174, 0.997168667,
3450.031717873, 0.997087634,
3450.052149671, 0.997108621,
3450.072581269, 0.997166550,
3450.093012967, 0.997091539,
3450.113444765, 0.997299021,
3450.133876363, 0.997203332,
3450.154308060, 0.997265080,
3450.174739857, 0.996914131,
3450.195171455, 0.996846299,
3450.215603152, 0.996836127,
3450.236034948, 0.996816528,
3450.256466645, 0.996890916,
3450.297330038, 0.997053119,
3450.317761734, 0.997268294,
3450.338193430, 0.997240224,
3450.379056822, 0.998483171,
3450.399488617, 0.998441121,
3450.419920212, 0.998064363,
3450.440351908, 0.997838382,
3450.460783703, 0.997826698,
3450.481215298, 0.997834267,
3450.501646992, 0.997770620,
3450.522078787, 0.998041973,
3450.542510381, 0.998381711,
3450.562942075, 0.998453587,
3450.583373869, 0.998538662,
3450.603805464, 0.998436915,
3450.624237157, 0.998644845,
3450.644668851, 0.998526442,
3450.665100544, 0.998416628,
3450.685532237, 0.998056116,
3450.705964031, 0.997315419,
3450.726395623, 0.997235639,
3450.746827316, 0.997109139,
3450.767259109, 0.997296220,
3450.787690701, 0.997601826,
3450.808122494, 0.997735366,
3450.828554186, 0.997895308,
3450.848985778, 0.997889956,
3450.869417570, 0.997787972,
3450.889849261, 0.997694867,
3450.910280853, 0.997637653,
3450.930712644, 0.997517619,
3450.951144335, 0.997462435,
3450.971575926, 0.997464356,
3450.992007717, 0.997415361,
3451.012439408, 0.997476388,
3451.032870998, 0.997454765,
3451.053302789, 0.997433878,
3451.073734479, 0.997471653,
3451.094166169, 0.997518213,
3451.114597859, 0.997413391,
3451.135029549, 0.997446130,
3451.155461239, 0.997580115,
3451.175892928, 0.997495922,
3451.196324618, 0.997545007,
3451.216756307, 0.997546364,
3451.237188096, 0.997534445,
3451.257619685, 0.997502868,
3451.278051373, 0.997482875,
3451.298483162, 0.997603701,
3451.318914750, 0.997706162,
3451.339346539, 0.997557421,
3451.359778227, 0.997657558,
3451.380209815, 0.997509503,
3451.400641602, 0.997495324,
3451.421073290, 0.997536505,
3451.441504877, 0.997476281,
3451.461936665, 0.997489346,
3451.482368252, 0.997340954,
3451.502799939, 0.997485417,
3451.523231726, 0.997599969,
3451.543663313, 0.997669777,
3451.564094999, 0.997567763,
3451.604958472, 0.997491976,
3451.625390058, 0.997317316,
3451.645821844, 0.997370340,
3451.666253530, 0.997353252,
3451.686685116, 0.997388182,
3451.707116901, 0.997464563,
3451.727548587, 0.997431944,
3451.747980172, 0.997217120,
3451.768411957, 0.997231407,
3451.788843642, 0.997114516,
3451.809275427, 0.997069485,
3451.850138696, 0.997307540,
3451.870570480, 0.997010451,
3451.891002064, 0.997174168,
3451.911433749, 0.996924041,
3451.931865533, 0.997103564,
3451.952297116, 0.997407084,
3451.972728800, 0.997461368,
3451.993160583, 0.997547648,
3452.013592167, 0.997406332,
3452.034023850, 0.997262850,
3452.054455633, 0.997247460,
3452.074887316, 0.997387640,
3452.115750681, 0.997317762,
3452.136182364, 0.997381525,
3452.156613946, 0.997326194,
3452.177045728, 0.997292721,
3452.197477410, 0.997353177,
3452.217908992, 0.997315453,
3452.238340774, 0.997341339,
3452.258772455, 0.997331286,
3452.279204137, 0.997378473,
3452.299635818, 0.997498947,
3452.340499181, 0.997348835,
3452.360930861, 0.997152486,
3452.381362442, 0.997326386,
3452.401794223, 0.997464548,
3452.422225903, 0.997319515,
3452.442657584, 0.997198537,
3452.463089264, 0.996767665,
3452.503952624, 0.996416616,
3452.524384304, 0.996123183,
3452.544815983, 0.996016745,
3452.565247663, 0.996003850,
3452.585679442, 0.996134975,
3452.606111021, 0.996399834,
3452.626542700, 0.996558807,
3452.646974479, 0.996390123,
3452.667406058, 0.996173679,
3452.687837737, 0.996050537,
3452.708269515, 0.996211974,
3452.728701094, 0.996454075,
3452.749132872, 0.996832140,
3452.769564550, 0.997282290,
3452.789996128, 0.997398221,
3452.810427906, 0.997525282,
3452.830859583, 0.997475696,
3452.851291161, 0.997488410,
3452.871722939, 0.997480567,
3452.892154616, 0.997465873,
3452.912586293, 0.997490243,
3452.933017970, 0.997543013,
3452.953449647, 0.997694221,
3452.973881324, 0.997811278,
3452.994313000, 0.997869219,
3453.014744677, 0.997781683,
3453.035176353, 0.997798154,
3453.055608029, 0.997933696,
3453.076039705, 0.998090831,
3453.096471381, 0.997907474,
3453.116903057, 0.998035445,
3453.137334733, 0.998478986,
3453.157766508, 0.998010272,
3453.178198084, 0.998290417,
3453.198629759, 0.998082578,
3453.219061534, 0.998271854,
3453.239493109, 0.998212218,
3453.259924784, 0.998188675,
3453.280356559, 0.998130483,
3453.321219808, 0.997532767,
3453.341651582, 0.997620906,
3453.362083157, 0.997701696,
3453.382514831, 0.997691014,
3453.402946605, 0.997671791,
3453.423378279, 0.997821405,
3453.443809852, 0.997708256,
3453.464241626, 0.997946504,
3453.484673299, 0.997897410,
3453.505104873, 0.997725871,
3453.525536646, 0.997745714,
3453.545968319, 0.997827476,
3453.566399892, 0.997906719,
3453.586831665, 0.997887252,
3453.607263337, 0.998147747,
3453.627695110, 0.997716382,
3453.648126682, 0.997252165,
3453.668558354, 0.997179105,
3453.688990127, 0.997412180,
3453.709421699, 0.997158820,
3453.729853371, 0.996951792,
3453.750285142, 0.997790455,
3453.770716714, 0.997849231,
3453.811580057, 0.997307876,
3453.832011728, 0.997210711,
3453.852443399, 0.997716405,
3453.872875070, 0.997713265,
3453.893306741, 0.997654384,
3453.913738412, 0.997501340,
3453.934170183, 0.997522726,
3453.954601753, 0.997567770,
3453.975033424, 0.997538939,
3453.995465194, 0.997538512,
3454.015896764, 0.997545167,
3454.036328434, 0.997714998,
3454.056760204, 0.997660951,
3454.077191774, 0.997585211,
3454.097623544, 0.997229747,
3454.118055213, 0.997472944,
3454.138486783, 0.997391642,
3454.158918552, 0.997384226,
3454.179350221, 0.997414802,
3454.199781790, 0.997284429,
3454.240645228, 0.997203507,
3454.261076897, 0.997350339,
3454.281508565, 0.997212691,
3454.301940234, 0.997212454,
3454.322371902, 0.997158886,
3454.342803570, 0.997094096,
3454.363235238, 0.997157209,
3454.383666906, 0.997050268,
3454.404098674, 0.996982801,
3454.424530242, 0.997029742,
3454.444961909, 0.997012015,
3454.465393677, 0.996955177,
3454.485825244, 0.996857766,
3454.506256911, 0.996868221,
3454.547120246, 0.996909657,
3454.567552012, 0.996768405,
3454.587983679, 0.997085853,
3454.608415246, 0.996524732,
3454.628847013, 0.996604959,
3454.649278579, 0.996505692,
3454.669710245, 0.996591447,
3454.690142011, 0.996445466,
3454.710573578, 0.996505059,
3454.731005244, 0.996579493,
3454.751437009, 0.996522448,
3454.771868675, 0.996593691,
3454.792300241, 0.996542327,
3454.812732006, 0.996408027,
3454.833163672, 0.996209825,
3454.853595237, 0.996267827,
3454.874027002, 0.996274060,
3454.894458667, 0.996301422,
3454.914890232, 0.996396906,
3454.935321997, 0.996262705,
3454.955753662, 0.996172156,
3454.976185426, 0.996190390,
3454.996616991, 0.996086938,
3455.017048655, 0.996095887,
3455.037480419, 0.996134508,
3455.057911984, 0.996132719,
3455.078343648, 0.996698992,
3455.098775412, 0.996065837,
3455.119206975, 0.996250178,
3455.139638639, 0.996166800,
3455.160070403, 0.996147356,
3455.180501966, 0.996180119,
3455.200933629, 0.996026623,
3455.221365393, 0.996073599,
3455.241797056, 0.995972251,
3455.282660382, 0.997282933,
3455.303092045, 0.997242973,
3455.323523607, 0.996423848,
3455.343955370, 0.996239722,
3455.364387033, 0.996148339,
3455.384818595, 0.996072199,
3455.405250357, 0.996169424,
3455.425682019, 0.996165986,
3455.446113681, 0.996166038,
3455.466545343, 0.996223255,
3455.486976905, 0.996242936,
3455.507408667, 0.996286592,
3455.527840329, 0.996114601,
3455.548271890, 0.995993029,
3455.568703651, 0.996133461,
3455.589135313, 0.996104305,
3455.609566974, 0.996060129,
3455.629998635, 0.996297694,
3455.650430296, 0.996166680,
3455.670861957, 0.996437470,
3455.691293618, 0.996265303,
3455.711725278, 0.996421198,
3455.732156939, 0.996368896,
3455.773020260, 0.996687790,
3455.793451920, 0.996578905,
3455.813883680, 0.996857569,
3455.834315240, 0.997159232,
3455.854747000, 0.997540424,
3455.875178660, 0.997737592,
3455.895610220, 0.997858512,
3455.916041979, 0.998206489,
3455.936473639, 0.998202163,
3455.956905198, 0.998129704,
3455.977336958, 0.998161293,
3455.997768617, 0.997942953,
3456.018200176, 0.997883382,
3456.038631935, 0.998084153,
3456.059063594, 0.997695480,
3456.079495253, 0.997616550,
3456.099926911, 0.997285013,
3456.120358570, 0.997178508,
3456.140790229, 0.997058352,
3456.161221887, 0.997091349,
3456.181653545, 0.997209295,
3456.222516862, 0.997265410,
3456.242948520, 0.997364356,
3456.263380178, 0.997369080,
3456.283811835, 0.997336239,
3456.304243493, 0.997459956,
3456.324675251, 0.997624512,
3456.345106808, 0.997674480,
3456.365538466, 0.997741415,
3456.385970223, 0.997650210,
3456.406401780, 0.997469243,
3456.426833437, 0.997565886,
3456.447265194, 0.997716061,
3456.467696752, 0.997782157,
3456.488128408, 0.997915292,
3456.508560165, 0.997854062,
3456.528991722, 0.997960036,
3456.549423378, 0.998023712,
3456.569855135, 0.998022545,
3456.590286791, 0.998482708,
3456.610718347, 0.998071462,
3456.631150104, 0.998261855,
3456.651581760, 0.998143295,
3456.672013316, 0.998169392,
3456.692445071, 0.998412394,
3456.712876727, 0.998364822,
3456.753740039, 0.998426685,
3456.774171694, 0.998570323,
3456.794603450, 0.998587102,
3456.815035005, 0.998257538,
3456.835466660, 0.997796566,
3456.855898415, 0.997209994,
3456.876329970, 0.997041161,
3456.896761625, 0.997252789,
3456.917193380, 0.997795572,
3456.937624935, 0.998507503,
3456.958056590, 0.998382081,
3456.978488244, 0.998478295,
3456.998919899, 0.998549841,
3457.019351553, 0.998330199,
3457.039783207, 0.998545774,
3457.060214862, 0.998598000,
3457.080646516, 0.998582804,
3457.101078170, 0.998617366,
3457.121509824, 0.998783586,
3457.141941578, 0.999046383,
3457.162373231, 0.999186591,
3457.182804785, 0.998904196,
3457.203236539, 0.999064370,
3457.244099746, 0.999248491,
3457.264531499, 0.999060615,
3457.284963152, 0.999093884,
3457.305394705, 0.998976242,
3457.325826458, 0.998710606,
3457.346258111, 0.998940126,
3457.366689664, 0.998890285,
3457.387121417, 0.998860774,
3457.407553070, 0.998983988,
3457.427984723, 0.998820983,
3457.448416375, 0.998954426,
3457.468848027, 0.998962588,
3457.489279680, 0.998889492,
3457.509711332, 0.998908667,
3457.530142984, 0.999417379,
3457.550574737, 0.999004303,
3457.571006389, 0.998874767,
3457.591437940, 0.998963226,
3457.611869692, 0.998964128,
3457.632301344, 0.998933128,
3457.652732896, 0.998988862,
3457.673164647, 0.998997817,
3457.693596299, 0.998635097,
3457.734459602, 0.998752855,
3457.754891253, 0.998948314,
3457.775322804, 0.998861707,
3457.795754555, 0.998888304,
3457.816186106, 0.998875223,
3457.836617757, 0.998834034,
3457.857049508, 0.998892803,
3457.877481059, 0.998897026,
3457.897912710, 0.998931801,
3457.918344460, 0.998874601,
3457.938776011, 0.998775645,
3457.959207761, 0.998769445,
3457.979639412, 0.998897760,
3458.000071062, 0.998619336,
3458.020502712, 0.998714646,
3458.040934362, 0.998497080,
3458.061366013, 0.998438965,
3458.081797663, 0.998405726,
3458.102229312, 0.998559413,
3458.122660962, 0.999229757,
3458.143092712, 0.999300159,
3458.163524262, 0.999087887,
3458.183955911, 0.998654202,
3458.204387661, 0.998157073,
3458.224819210, 0.997798841,
3458.245250860, 0.997704819,
3458.265682609, 0.998098830,
3458.286114158, 0.998388067,
3458.306545807, 0.998414922,
3458.326977556, 0.998430044,
3458.347409105, 0.998494334,
3458.367840854, 0.998602751,
3458.388272503, 0.998540347,
3458.408704152, 0.998595868,
3458.429135800, 0.998574760,
3458.449567449, 0.998582040,
3458.469999098, 0.998546484,
3458.490430746, 0.998564617,
3458.510862394, 0.998476440,
3458.531294043, 0.998492320,
3458.551725691, 0.998470989,
3458.572157339, 0.998368120,
3458.592588987, 0.998332938,
3458.613020635, 0.998392066,
3458.633452283, 0.998405061,
3458.653883831, 0.998366631,
3458.674315579, 0.998438052,
3458.694747226, 0.998360545,
3458.715178974, 0.998366308,
3458.735610522, 0.998363672,
3458.756042169, 0.998331527,
3458.776473917, 0.998367235,
3458.796905464, 0.998359655,
3458.817337111, 0.998369098,
3458.837768858, 0.998400601,
3458.858200406, 0.998370601,
3458.878632053, 0.998407205,
3458.899063800, 0.998365405,
3458.919495347, 0.998284605,
3458.939926993, 0.998285663,
3458.960358740, 0.998234753,
3458.980790387, 0.998200971,
3459.001221934, 0.998141212,
3459.021653680, 0.998187859,
3459.042085327, 0.998209401,
3459.062516873, 0.998136749,
3459.082948619, 0.998105787,
3459.103380266, 0.998043492,
3459.123812012, 0.998085287,
3459.144243558, 0.998071691,
3459.164675204, 0.998129982,
3459.185106950, 0.998031942,
3459.205538496, 0.997957385,
3459.225970142, 0.997923823,
3459.246401788, 0.997964834,
3459.266833434, 0.998109692,
3459.287265079, 0.998191352,
3459.307696825, 0.998117644,
3459.328128371, 0.998267839,
3459.348560016, 0.998230424,
3459.368991662, 0.998063493,
3459.389423307, 0.997886405,
3459.409854952, 0.997767871,
3459.430286598, 0.997742521,
3459.450718243, 0.997709070,
3459.471149888, 0.997685557,
3459.491581633, 0.997665379,
3459.512013178, 0.997673557,
3459.532444923, 0.997654945,
3459.552876568, 0.997577372,
3459.573308112, 0.997725921,
3459.593739857, 0.997748301,
3459.614171502, 0.997611277,
3459.634603047, 0.997526367,
3459.655034791, 0.997382299,
3459.695897980, 0.998022141,
3459.716329724, 0.997661731,
3459.736761369, 0.997452686,
3459.757192913, 0.997529914,
3459.777624657, 0.997467901,
3459.798056301, 0.997452158,
3459.818487945, 0.997578618,
3459.838919589, 0.997588198,
3459.859351233, 0.997387075,
3459.879782977, 0.997423700,
3459.900214621, 0.997492130,
3459.920646165, 0.997768792,
3459.941077908, 0.997583163,
3459.961509552, 0.997771211,
3459.981941096, 0.997601133,
3460.002372839, 0.997557911,
3460.022804483, 0.997477519,
3460.043236026, 0.997495903,
3460.063667769, 0.997560798,
3460.084099313, 0.997421408,
3460.104530956, 0.997305460,
3460.124962699, 0.997460009,
3460.145394242, 0.997313795,
3460.165825885, 0.997321389,
3460.186257628, 0.997306701,
3460.206689171, 0.997296919,
3460.227120914, 0.997141960,
3460.247552557, 0.997109361,
3460.267984100, 0.997140782,
3460.288415842, 0.997180485,
3460.308847485, 0.997040589,
3460.349710770, 0.996944655,
3460.370142413, 0.996942483,
3460.390574055, 0.996977522,
3460.411005698, 0.997196919,
3460.431437340, 0.997069647,
3460.451868982, 0.997082690,
3460.472300725, 0.997087804,
3460.492732267, 0.996998459,
3460.513163909, 0.996785488,
3460.533595651, 0.996686940,
3460.554027193, 0.996818444,
3460.574458835, 0.996994463,
3460.594890577, 0.996726187,
3460.615322119, 0.996643432,
3460.635753860, 0.996722290,
3460.656185502, 0.996637040,
3460.676617044, 0.996607368,
3460.697048786, 0.996602136,
3460.717480427, 0.996541771,
3460.737912069, 0.996610866,
3460.758343710, 0.996523345,
3460.778775352, 0.996446617,
3460.799206993, 0.996843561,
3460.819638635, 0.996556854,
3460.840070276, 0.996590434,
3460.860501917, 0.996611151,
3460.880933558, 0.996654530,
3460.901365200, 0.996593331,
3460.921796741, 0.996573876,
3460.942228482, 0.996636247,
3460.962660123, 0.996576519,
3460.983091864, 0.996546315,
3461.003523405, 0.996563716,
3461.023955046, 0.996653315,
3461.044386786, 0.996605352,
3461.064818327, 0.996742630,
3461.085249968, 0.996927292,
3461.105681709, 0.996990309,
3461.126113249, 0.996940247,
3461.146544890, 0.996834915,
3461.166976631, 0.996813779,
3461.187408171, 0.996733952,
3461.207839812, 0.996778771,
3461.228271552, 0.996771530,
3461.248703092, 0.996840625,
3461.269134733, 0.996759220,
3461.289566473, 0.996836444,
3461.309998113, 0.996966150,
3461.330429753, 0.996964507,
3461.350861393, 0.997012605,
3461.371293034, 0.997021967,
3461.391724674, 0.997076978,
3461.412156314, 0.997163124,
3461.432587954, 0.997172072,
3461.453019694, 0.997266133,
3461.473451234, 0.997242734,
3461.493882873, 0.997215977,
3461.514314613, 0.997231847,
3461.534746153, 0.997202541,
3461.555177793, 0.997261686,
3461.575609532, 0.997307973,
3461.596041072, 0.997448877,
3461.616472712, 0.997451029,
3461.677767730, 0.997478532,
3461.698199270, 0.997509750,
3461.718630909, 0.997602414,
3461.739062648, 0.997622055,
3461.759494188, 0.997660720,
3461.779925827, 0.997728632,
3461.800357566, 0.997727730,
3461.820789205, 0.997571783,
3461.841220745, 0.997564074,
3461.861652484, 0.997632850,
3461.882084123, 0.997831212,
3461.902515662, 0.997646262,
3461.922947401, 0.997589111,
3461.943379040, 0.997576608,
3461.963810579, 0.997769133,
3461.984242318, 0.997710371,
3462.004673957, 0.997888981,
3462.025105696, 0.998180505,
3462.045537234, 0.998562856,
3462.065968873, 0.998493701,
3462.086400612, 0.998215731,
3462.106832150, 0.998319810,
3462.127263789, 0.998251277,
3462.147695528, 0.998317704,
3462.168127066, 0.998276488,
3462.188558705, 0.998212685,
3462.208990443, 0.998279258,
3462.229421982, 0.998358676,
3462.249853620, 0.998395245,
3462.270285359, 0.998593689,
3462.290716997, 0.998524562,
3462.311148535, 0.998484473,
3462.331580274, 0.998418960,
3462.352011912, 0.998591642,
3462.392875189, 0.997997746,
3462.413306727, 0.998054424,
3462.433738465, 0.998002459,
3462.454170103, 0.998072663,
3462.474601741, 0.998015554,
3462.495033379, 0.997924895,
3462.515465017, 0.998117491,
3462.535896555, 0.998015149,
3462.556328293, 0.997925498,
3462.576759931, 0.997948065,
3462.597191469, 0.997963469,
3462.617623207, 0.997907047,
3462.638054845, 0.997819791,
3462.658486482, 0.997843174,
3462.678918120, 0.997742811,
3462.719781496, 0.998429459,
3462.740213033, 0.998270133,
3462.760644671, 0.998351150,
3462.781076409, 0.998256802,
3462.801508046, 0.998207485,
3462.821939584, 0.998195857,
3462.842371321, 0.998357366,
3462.862802959, 0.998419537,
3462.903666234, 0.998371174,
3462.924097871, 0.998367732,
3462.944529409, 0.998395577,
3462.964961146, 0.998473314,
3462.985392783, 0.998342582,
3463.005824321, 0.998554561,
3463.026256058, 0.998374592,
3463.046687695, 0.998436738,
3463.067119433, 0.998452343,
3463.087550970, 0.998232330,
3463.148845881, 0.997845370,
3463.169277519, 0.998005527,
3463.189709156, 0.998442446,
3463.210140793, 0.998338995,
3463.230572430, 0.998153560,
3463.251004067, 0.998096103,
3463.271435704, 0.998465335,
3463.291867341, 0.998321259,
3463.312298978, 0.998553267,
3463.332730615, 0.998290100,
3463.373593989, 0.998054572,
3463.394025526, 0.998097468,
3463.414457262, 0.998167624,
3463.434888899, 0.998085321,
3463.455320436, 0.998206372,
3463.475752173, 0.998054899,
3463.496183810, 0.998002660,
3463.516615346, 0.997886739,
3463.537047083, 0.998167228,
3463.557478720, 0.998432968,
3463.577910257, 0.998240714,
3463.639205267, 0.998006962,
3463.659636903, 0.998095805,
3463.680068540, 0.997931889,
3463.700500276, 0.998084293,
3463.720931813, 0.998078288,
3463.741363449, 0.997896567,
3463.761795186, 0.997968651,
3463.782226822, 0.997970097,
3463.802658359, 0.997778367,
3463.823090096, 0.997623646,
3463.843521732, 0.997924736,
3463.863953268, 0.998211245,
3463.884385005, 0.997943910,
3463.904816641, 0.998029825,
3463.925248178, 0.997831907,
3463.945679914, 0.998131922,
3463.966111450, 0.998078379,
3463.986543087, 0.997983443,
3464.006974823, 0.997976234,
3464.027406359, 0.997932676,
3464.047838096, 0.997861976,
3464.068269732, 0.997877629,
3464.109133004, 0.997760280,
3464.129564641, 0.997468527,
3464.149996177, 0.997530539,
3464.170427913, 0.997895986,
3464.190859549, 0.997698918,
3464.211291186, 0.997598623,
3464.231722822, 0.997585963,
3464.252154458, 0.997785019,
3464.272586094, 0.997550730,
3464.293017830, 0.997805658,
3464.313449366, 0.997569597,
3464.354312739, 0.997656202,
3464.374744275, 0.997414619,
3464.395176011, 0.997633324,
3464.415607647, 0.997372477,
3464.436039183, 0.997598072,
3464.456470919, 0.997225640,
3464.476902555, 0.997567792,
3464.497334091, 0.997521007,
3464.517765827, 0.997358830,
3464.538197463, 0.997537699,
3464.558628999, 0.997551241,
3464.599492371, 0.997403095,
3464.619924007, 0.997596988,
3464.640355643, 0.997363306,
3464.660787279, 0.997348778,
3464.681219015, 0.997355167,
3464.701650551, 0.997295404,
3464.722082187, 0.997179101,
3464.742513823, 0.997553273,
3464.762945459, 0.997500789,
3464.783377095, 0.997501902,
3464.803808831, 0.997540773,
3464.824240366, 0.997638288,
3464.844672002, 0.997678783,
3464.865103738, 0.997695085,
3464.885535274, 0.997797432,
3464.905966910, 0.997595524,
3464.926398646, 0.997805719,
3464.946830182, 0.997589301,
3464.967261918, 0.997753582,
3464.987693553, 0.997475755,
3465.008125089, 0.996771231,
3465.028556825, 0.997756274,
3465.048988461, 0.991599641,
3465.089851733, 0.998062435,
3465.110283369, 0.997965093,
3465.130715004, 0.997982220,
3465.151146640, 0.998013573,
3465.171578276, 0.998070052,
3465.192009912, 0.998114847,
3465.212441548, 0.997947214,
3465.232873183, 0.998149243,
3465.253304819, 0.997774265,
3465.273736555, 0.997377184,
3465.294168091, 0.997944923,
3465.335031463, 0.998170439,
3465.355462998, 0.998498608,
3465.375894734, 0.998305870,
3465.396326370, 0.998511698,
3465.416757906, 0.998310125,
3465.437189642, 0.998320331,
3465.457621177, 0.998517058,
3465.478052813, 0.998317876,
3465.498484549, 0.998653376,
3465.518916085, 0.998391056,
3465.539347721, 0.998548865,
3465.580210992, 0.998932201,
3465.600642728, 0.998817058,
3465.621074364, 0.998654838,
3465.641506000, 0.998885110,
3465.661937636, 0.998799272,
3465.682369272, 0.998846034,
3465.723232543, 0.998860720,
3465.743664179, 0.998834438,
3465.764095815, 0.998964505,
3465.784527451, 0.998888497,
3465.825390722, 0.998466274,
3465.845822458, 0.998561937,
3465.866253994, 0.998516807,
3465.886685730, 0.998711539,
3465.907117366, 0.998788002,
3465.927548902, 0.999233052,
3465.947980638, 0.999187552,
3465.968412274, 0.999315745,
3465.988843810, 0.999287880,
3466.009275545, 0.999186871,
3466.029707181, 0.999102727,
3466.070570453, 0.999247627,
3466.091002089, 0.999204380,
3466.111433725, 0.999426932,
3466.131865361, 0.999298241,
3466.152296997, 0.999368056,
3466.172728633, 0.999356050,
3466.213591905, 0.999404170,
3466.234023541, 0.999227597,
3466.254455177, 0.999423921,
3466.274886813, 0.999832353,
3466.315750085, 0.999098623,
3466.336181721, 0.999407195,
3466.356613457, 0.999732023,
3466.377044993, 0.999360780,
3466.397476629, 0.999647410,
3466.417908365, 0.999716648,
3466.438339901, 0.999551844,
3466.458771637, 0.999452595,
3466.479203273, 0.999639126,
3466.499634810, 0.999575456,
3466.540498182, 0.999284551,
3466.581361454, 0.999319176,
3466.601793090, 0.999203321,
3466.622224627, 0.999400512,
3466.642656363, 0.999334308,
3466.663087999, 0.999368355,
3466.683519635, 0.999385010,
3466.703951272, 0.999360994,
3466.724382908, 0.999419257,
3466.744814644, 0.999302054,
3466.765246180, 0.999282706,
3466.806109553, 0.999455763,
3466.826541189, 0.999217719,
3466.846972726, 0.999113661,
3466.867404462, 0.999228453,
3466.887836098, 0.999228103,
3466.908267635, 0.999354658,
3466.928699371, 0.999276384,
3466.949131008, 0.999294143,
3466.969562544, 0.999263137,
3466.989994281, 0.999254158,
3467.010425817, 0.999268497,
3467.051289190, 0.999562082,
3467.071720727, 0.999184056,
3467.092152463, 0.999495608,
3467.112584100, 0.999294147,
3467.133015636, 0.999298955,
3467.153447373, 0.999383671,
3467.173879010, 0.999490311,
3467.194310646, 0.999404171,
3467.214742283, 0.999563753,
3467.235173920, 0.999476792,
3467.255605556, 0.999314503,
3467.296468830, 0.999738632,
3467.316900567, 0.999393362,
3467.337332203, 0.999673153,
3467.357763740, 0.999477243,
3467.378195477, 0.999270942,
3467.398627114, 0.999564174,
3467.419058651, 0.999712494,
3467.439490388, 0.999567896,
3467.459922024, 0.999575638,
3467.480353561, 0.999551428,
3467.500785298, 0.999523370,
3467.562080209, 0.999480283,
3467.582511846, 0.999414686,
3467.602943583, 0.999641275,
3467.623375121, 0.999329271,
3467.643806758, 0.999377049,
3467.684670032, 0.999322965,
3467.705101669, 0.999339503,
3467.725533406, 0.999315721,
3467.745964944, 0.999288224,
3467.786828218, 0.999509212,
3467.807259856, 0.999556276,
3467.827691493, 0.999507790,
3467.848123230, 0.999303339,
3467.868554768, 0.999210523,
3467.888986505, 0.999182260,
3467.909418142, 0.999473453,
3467.929849680, 0.999156796,
3467.950281417, 0.999343137,
3467.970713055, 0.999253686,
3467.991144593, 0.999388232,
3468.032007968, 0.999512416,
3468.052439505, 0.999585218,
3468.072871243, 0.999473831,
3468.093302881, 0.999270378,
3468.113734418, 0.999205708,
3468.134166156, 0.999261131,
3468.154597794, 0.999165434,
3468.175029532, 0.999281661,
3468.195461070, 0.999157647,
3468.215892708, 0.999359572,
3468.236324445, 0.999269871,
3468.277187621, 0.999357692,
3468.297619359, 0.999217037,
3468.318050997, 0.999306747,
3468.338482535, 0.999369443,
3468.358914273, 0.999434472,
3468.379345912, 0.999271181,
3468.399777450, 0.999342352,
3468.420209188, 0.999335681,
3468.440640826, 0.999353281,
3468.461072464, 0.999428291,
3468.481504103, 0.999954347,
3468.522367379, 0.999403644,
3468.542799018, 0.999353979,
3468.563230556, 0.999301893,
3468.583662295, 0.999533410,
3468.604093933, 0.999405319,
3468.624525472, 0.999523668,
3468.644957210, 0.999464545,
3468.665388849, 0.999604332,
3468.685820587, 1.000199041,
3468.706252126, 1.000545236,
3468.726683765, 1.000084248,
3468.767547042, 1.000258457,
3468.787978681, 1.000258381,
3468.808410420, 1.000266144,
3468.828842059, 1.000160704,
3468.849273598, 1.000007099,
3468.869705336, 0.999926016,
3468.890136975, 0.999764861,
3468.910568514, 0.999614489,
3468.931000254, 0.999628411,
3468.951431893, 0.999623938,
3468.971863632, 0.999698358,
3469.012726810, 1.000381124,
3469.033158549, 1.000539313,
3469.053590089, 1.000618517,
3469.074021728, 1.000766464,
3469.094453467, 1.000618101,
3469.114885007, 1.000352680,
3469.135316646, 1.000310797,
3469.155748386, 1.000181292,
3469.176179925, 0.999739030,
3469.196611565, 0.999766506,
3469.217043304, 0.999778046,
3469.237474844, 0.999836514,
3469.257906584, 0.999783939,
3469.278338123, 0.999953700,
3469.298769763, 1.000008962,
3469.319201503, 1.000034252,
3469.339633143, 0.999984163,
3469.360064683, 0.999986646,
3469.380496423, 1.000399490,
